# Averaged between times 100.000000 and 103.000000 with spacing 1.000000
# z		 var(ux)		 var(uz)		 var(mag(u))
0.002500	26275.466860	815.925452	26288.310301
0.007500	34998.787807	2293.801800	35075.145256
0.012500	38082.099757	3648.811364	38259.673229
0.017500	39514.992372	4903.375258	39823.153225
0.022500	40340.827091	6084.131331	40804.048816
0.027500	40985.126153	7177.319124	41617.890806
0.032500	41536.754025	8193.409274	42347.349314
0.037500	42030.852301	9158.181172	43026.666697
0.042500	42503.737075	10090.446213	43693.401293
0.047500	42958.899771	10997.972706	44351.953502
0.052500	43339.173266	11888.020250	44947.928585
0.057500	43604.134667	12771.734679	45444.888346
0.062500	43796.350825	13656.616688	45886.157587
0.067500	43972.298664	14545.483753	46327.227800
0.072500	44147.083023	15443.022209	46784.437193
0.077500	44311.875019	16358.013936	47252.541615
0.082500	44451.945251	17300.319211	47721.448039
0.087500	44560.679998	18277.457438	48188.657909
0.092500	44634.028085	19292.737663	48653.271134
0.097500	44650.531321	20344.655953	49097.056114
0.102500	44568.612941	21426.903693	49482.297448
0.107500	44349.258414	22529.242562	49773.232846
0.112500	43976.114125	23639.184608	49954.497648
0.117500	43458.904177	24742.819473	50033.306780
0.122500	42824.779073	25825.208840	50030.542521
0.127500	42109.333052	26872.392427	49972.516255
0.132500	41347.185518	27874.445294	49883.815077
0.137500	40563.317154	28826.908644	49781.376096
0.142500	39770.454567	29729.702663	49673.190501
0.147500	38962.607550	30585.375745	49553.993535
0.152500	38117.717262	31397.430760	49407.954601
0.157500	37225.612266	32168.159988	49228.750767
0.162500	36292.975041	32897.740077	49021.163605
0.167500	35329.514421	33585.294431	48790.500591
0.172500	34348.581469	34229.817929	48543.371112
0.177500	33369.247611	34830.017548	48289.015097
0.182500	32415.009253	35383.735158	48038.203357
0.187500	31513.538244	35888.033269	47803.746960
0.192500	30690.379231	36340.133458	47597.904221
0.197500	29959.904626	36738.395729	47428.317506
0.202500	29321.899782	37082.857151	47296.601425
0.207500	28767.294711	37375.310736	47200.823901
0.212500	28290.625374	37619.049794	47140.830283
0.217500	27900.687029	37818.500357	47122.497044
0.222500	27618.254943	37978.944942	47155.302086
0.227500	27458.231643	38106.342599	47242.453004
0.232500	27413.604099	38207.093790	47374.966927
0.237500	27459.192078	38287.671651	47539.073031
0.242500	27579.459527	38354.260053	47733.941214
0.247500	27787.762931	38412.641996	47975.791816
0.252500	28110.743708	38468.306054	48277.982146
0.257500	28567.280964	38526.487990	48637.487889
0.262500	29160.275245	38592.116506	49043.548252
0.267500	29868.547161	38669.829159	49487.323359
0.272500	30643.760840	38764.007075	49958.829741
0.277500	31423.634631	38878.684687	50442.153679
0.282500	32150.931836	39017.328215	50917.720028
0.287500	32784.624852	39182.537830	51367.711652
0.292500	33301.551688	39375.758247	51779.594032
0.297500	33693.153835	39597.141627	52146.873928
0.302500	33960.056388	39845.633197	52467.368073
0.307500	34105.171597	40119.124325	52739.384108
0.312500	34128.022798	40414.432911	52958.218356
0.317500	34026.560322	40727.121053	53117.603681
0.322500	33805.158378	41051.470042	53215.263562
0.327500	33477.908071	41380.858683	53255.341866
0.332500	33063.400318	41708.438384	53245.267151
0.337500	32578.881555	42027.813493	53192.170375
0.342500	32038.474263	42333.479970	53101.830312
0.347500	31452.819168	42620.871806	52978.401412
0.352500	30829.381645	42886.027082	52824.338185
0.357500	30174.262363	43125.116747	52641.117202
0.362500	29499.153685	43334.159966	52432.972002
0.367500	28826.869423	43509.108089	52209.544424
0.372500	28184.617610	43646.258127	51981.701928
0.377500	27598.725307	43742.747448	51758.671886
0.382500	27091.239504	43796.891763	51546.497035
0.387500	26675.185525	43808.330867	51346.446827
0.392500	26352.183916	43778.051254	51155.457338
0.397500	26113.555447	43708.338003	50968.401416
0.402500	25944.147541	43602.644811	50780.741802
0.407500	25827.274007	43465.334249	50590.259925
0.412500	25747.757581	43301.306532	50396.778019
0.417500	25691.127319	43115.624004	50199.929685
0.422500	25641.437536	42913.184607	49997.038537
0.427500	25582.123153	42698.353243	49783.381072
0.432500	25499.664398	42474.477006	49554.258236
0.437500	25386.070937	42243.411408	49306.497769
0.442500	25239.353787	42005.315147	49038.820738
0.447500	25064.001510	41758.915731	48752.061769
0.452500	24871.042811	41502.308011	48449.275724
0.457500	24674.406699	41234.133513	48134.528781
0.462500	24484.524345	40954.731152	47811.010093
0.467500	24304.092969	40666.767467	47480.291369
0.472500	24127.080618	40375.024968	47142.588032
0.477500	23939.948494	40085.406469	46797.210713
0.482500	23729.194548	39803.669482	46444.688042
0.487500	23491.987726	39534.514232	46089.730166
0.492500	23237.785285	39281.227087	45740.837602
0.497500	22979.213027	39045.672930	45405.987226
0.502500	22723.450932	38828.460503	45088.966913
0.507500	22472.888074	38629.266627	44790.057091
0.512500	22231.205842	38447.256177	44509.364660
0.517500	22006.130935	38281.437825	44248.847328
0.522500	21805.495534	38130.834152	44011.214885
0.527500	21631.459447	37994.467732	43797.392600
0.532500	21478.071348	37871.268803	43604.849187
0.537500	21334.157160	37760.018092	43428.218074
0.542500	21190.604722	37659.372732	43262.337607
0.547500	21045.123002	37567.965584	43104.827029
0.552500	20899.894159	37484.504143	42955.629246
0.557500	20756.877610	37407.785161	42814.966138
0.562500	20622.580320	37336.749187	42685.446700
0.567500	20509.146915	37270.710443	42572.499176
0.572500	20423.174925	37209.690144	42478.993326
0.577500	20356.583734	37154.730256	42401.141145
0.582500	20288.033481	37107.869988	42329.227478
0.587500	20198.923461	37071.611313	42255.417838
0.592500	20081.763863	37048.243027	42178.096837
0.597500	19928.548142	37039.279098	42095.758976
0.602500	19727.262661	37045.111494	42004.520807
0.607500	19477.881935	37065.204552	41905.870522
0.612500	19188.249842	37098.604606	41804.396710
0.617500	18861.299120	37144.001330	41700.576788
0.622500	18508.198239	37199.512243	41597.410493
0.627500	18156.607906	37262.920024	41505.728629
0.632500	17835.917486	37332.236433	41437.486771
0.637500	17561.919042	37406.058235	41397.946094
0.642500	17333.788852	37483.709011	41384.560226
0.647500	17138.658130	37565.387063	41391.164910
0.652500	16960.725795	37652.199401	41413.068187
0.657500	16790.146558	37745.871735	41448.261034
0.662500	16622.459893	37848.236187	41494.053541
0.667500	16457.718870	37960.641541	41547.813934
0.672500	16308.393367	38083.226698	41614.095603
0.677500	16191.710195	38214.305519	41700.279832
0.682500	16116.222867	38350.353528	41806.107721
0.687500	16092.061245	38486.511138	41927.709315
0.692500	16145.391170	38617.074614	42067.800194
0.697500	16314.182001	38735.816173	42236.296839
0.702500	16632.568440	38836.282343	42443.761038
0.707500	17126.345782	38911.941159	42700.284287
0.712500	17816.728043	38956.231929	43016.881847
0.717500	18719.464734	38963.018412	43404.772732
0.722500	19836.157236	38927.309249	43872.195691
0.727500	21151.042732	38845.738192	44421.593116
0.732500	22632.964290	38716.772735	45047.912991
0.737500	24240.242951	38540.757616	45739.026013
0.742500	25926.953644	38319.804127	46478.034639
0.747500	27647.967273	38057.462355	47245.939859
0.752500	29362.080406	37758.091728	48023.626654
0.757500	31033.951002	37426.039648	48792.951155
0.762500	32635.617283	37065.008557	49537.399586
0.767500	34147.390617	36677.928179	50242.781843
0.772500	35558.714871	36267.193538	50898.792717
0.777500	36868.808312	35834.925771	51501.093268
0.782500	38084.845068	35383.270133	52051.833092
0.787500	39218.904898	34914.889415	52558.632857
0.792500	40287.650381	34433.389461	53034.196052
0.797500	41313.392555	33943.247879	53496.335515
0.802500	42320.967002	33449.212241	53965.306172
0.807500	43328.735809	32955.409962	54456.702501
0.812500	44339.766468	32464.314502	54973.649096
0.817500	45340.532429	31975.716200	55504.262150
0.822500	46310.656947	31486.122246	56028.530605
0.827500	47240.156773	30989.119400	56532.851696
0.832500	48135.214074	30476.835242	57016.371133
0.837500	48995.044962	29941.930997	57473.268745
0.842500	49791.370775	29379.118810	57875.895463
0.847500	50497.140167	28785.709122	58198.517681
0.852500	51124.433469	28162.003212	58450.096544
0.857500	51703.889441	27512.236407	58657.964749
0.862500	52245.826955	26845.391275	58834.407458
0.867500	52728.659076	26174.648522	58965.623758
0.872500	53100.923726	25514.275766	59011.506214
0.877500	53296.784029	24874.449143	58916.588187
0.882500	53272.147300	24257.604000	58640.873008
0.887500	53038.358812	23660.110438	58191.449522
0.892500	52650.696866	23077.952751	57614.614731
0.897500	52157.331557	22510.450672	56950.893454
0.902500	51564.671848	21957.927503	56202.382568
0.907500	50869.265025	21415.707099	55359.512910
0.912500	50100.942401	20870.616549	54440.479160
0.917500	49292.917040	20302.780000	53466.410167
0.922500	48468.048659	19691.856220	52452.327683
0.927500	47644.805921	19026.440431	51416.056627
0.932500	46787.719091	18310.874620	50331.610446
0.937500	45812.191654	17559.818272	49127.365436
0.942500	44651.730769	16782.609135	47744.397057
0.947500	43293.373594	15975.627310	46171.073918
0.952500	41742.347682	15128.212470	44411.188128
0.957500	40039.083339	14228.033801	42498.833715
0.962500	38307.659785	13259.926539	40543.636546
0.967500	36738.826949	12193.900738	38715.263964
0.972500	35486.813584	10976.084890	37150.051999
0.977500	34520.217471	9542.365166	35818.071302
0.982500	33597.509424	7850.835033	34505.166861
0.987500	32410.615540	5899.866036	32945.486304
0.992500	30570.454619	3690.581777	30793.877597
0.997500	24121.953079	1295.073997	24157.050833
