# Buoyancy boundary layer depth time series
# <\delta_b(t)> averaged between 400.000000 and 600.000000 with sampling frequency 1.000000
# time		 max(var(b)) in [0, H/2]	 z(max(var(b))in [0, H/2])	  max(var(b))in [H/2, H]	 z(max(var(b))in [H/2, H])	 \delta_b[inst.]	  max(<var(b)>)in [0, H/2]	 z(max(<var(b)>)in [0, H/2])	  max(<var(b)>)in [H/2, H]	 z(max(<var(b)>)in [H/2, H])	 \delta_b[av.]	 
400.000000	 0.018244	 0.021250	 0.022540	 0.978750	 0.021250	 0.018244	 0.021250	 0.022540	 0.978750	 0.021250	 
401.000000	 0.018167	 0.018750	 0.018336	 0.978750	 0.020000	 0.018176	 0.021250	 0.020438	 0.978750	 0.021250	 
402.000000	 0.018493	 0.018750	 0.016993	 0.978750	 0.020000	 0.018229	 0.021250	 0.019290	 0.978750	 0.021250	 
403.000000	 0.022777	 0.018750	 0.018351	 0.978750	 0.020000	 0.019344	 0.021250	 0.019055	 0.978750	 0.021250	 
404.000000	 0.024898	 0.018750	 0.020216	 0.978750	 0.020000	 0.020433	 0.021250	 0.019287	 0.978750	 0.021250	 
405.000000	 0.025711	 0.018750	 0.021805	 0.981250	 0.018750	 0.021288	 0.021250	 0.019696	 0.978750	 0.021250	 
406.000000	 0.024975	 0.018750	 0.022039	 0.981250	 0.018750	 0.021793	 0.018750	 0.019992	 0.978750	 0.020000	 
407.000000	 0.022728	 0.018750	 0.021422	 0.978750	 0.020000	 0.021909	 0.018750	 0.020171	 0.978750	 0.020000	 
408.000000	 0.023962	 0.026250	 0.022320	 0.978750	 0.023750	 0.022075	 0.021250	 0.020409	 0.978750	 0.021250	 
409.000000	 0.027464	 0.021250	 0.022575	 0.976250	 0.022500	 0.022614	 0.021250	 0.020624	 0.978750	 0.021250	 
410.000000	 0.032489	 0.021250	 0.021770	 0.978750	 0.021250	 0.023511	 0.021250	 0.020728	 0.978750	 0.021250	 
411.000000	 0.031016	 0.018750	 0.021190	 0.978750	 0.020000	 0.024127	 0.021250	 0.020767	 0.978750	 0.021250	 
412.000000	 0.024206	 0.018750	 0.020735	 0.978750	 0.020000	 0.024110	 0.021250	 0.020764	 0.978750	 0.021250	 
413.000000	 0.020500	 0.018750	 0.020087	 0.978750	 0.020000	 0.023833	 0.021250	 0.020716	 0.978750	 0.021250	 
414.000000	 0.019666	 0.021250	 0.019702	 0.978750	 0.021250	 0.023555	 0.021250	 0.020648	 0.978750	 0.021250	 
415.000000	 0.022178	 0.021250	 0.021066	 0.976250	 0.022500	 0.023469	 0.021250	 0.020651	 0.978750	 0.021250	 
416.000000	 0.024204	 0.018750	 0.019592	 0.981250	 0.018750	 0.023492	 0.021250	 0.020582	 0.978750	 0.021250	 
417.000000	 0.023783	 0.018750	 0.019894	 0.978750	 0.020000	 0.023487	 0.021250	 0.020543	 0.978750	 0.021250	 
418.000000	 0.027985	 0.023750	 0.025407	 0.981250	 0.021250	 0.023708	 0.021250	 0.020799	 0.978750	 0.021250	 
419.000000	 0.034284	 0.018750	 0.028425	 0.983750	 0.017500	 0.024226	 0.021250	 0.021143	 0.978750	 0.021250	 
420.000000	 0.035124	 0.016250	 0.025933	 0.983750	 0.016250	 0.024705	 0.018750	 0.021330	 0.978750	 0.020000	 
421.000000	 0.033659	 0.016250	 0.026396	 0.981250	 0.017500	 0.025104	 0.018750	 0.021544	 0.978750	 0.020000	 
422.000000	 0.028663	 0.018750	 0.029031	 0.976250	 0.021250	 0.025259	 0.018750	 0.021867	 0.978750	 0.020000	 
423.000000	 0.023227	 0.021250	 0.028888	 0.976250	 0.022500	 0.025166	 0.018750	 0.022150	 0.978750	 0.020000	 
424.000000	 0.021383	 0.021250	 0.024194	 0.971250	 0.025000	 0.024999	 0.018750	 0.022205	 0.978750	 0.020000	 
425.000000	 0.022029	 0.021250	 0.019752	 0.978750	 0.021250	 0.024871	 0.018750	 0.022111	 0.978750	 0.020000	 
426.000000	 0.020199	 0.023750	 0.017450	 0.981250	 0.021250	 0.024676	 0.018750	 0.021935	 0.978750	 0.020000	 
427.000000	 0.018743	 0.018750	 0.017072	 0.978750	 0.020000	 0.024464	 0.018750	 0.021761	 0.978750	 0.020000	 
428.000000	 0.019512	 0.021250	 0.017264	 0.978750	 0.021250	 0.024283	 0.018750	 0.021606	 0.978750	 0.020000	 
429.000000	 0.021621	 0.021250	 0.015627	 0.978750	 0.021250	 0.024191	 0.021250	 0.021407	 0.978750	 0.021250	 
430.000000	 0.022371	 0.018750	 0.013190	 0.978750	 0.020000	 0.024131	 0.021250	 0.021142	 0.978750	 0.021250	 
431.000000	 0.022227	 0.018750	 0.011391	 0.976250	 0.021250	 0.024063	 0.018750	 0.020836	 0.978750	 0.020000	 
432.000000	 0.022492	 0.021250	 0.012299	 0.963750	 0.028750	 0.024014	 0.021250	 0.020544	 0.978750	 0.021250	 
433.000000	 0.024069	 0.026250	 0.013366	 0.976250	 0.025000	 0.024001	 0.021250	 0.020330	 0.978750	 0.021250	 
434.000000	 0.021230	 0.021250	 0.014430	 0.976250	 0.022500	 0.023922	 0.021250	 0.020157	 0.978750	 0.021250	 
435.000000	 0.016534	 0.016250	 0.016432	 0.976250	 0.020000	 0.023694	 0.021250	 0.020048	 0.978750	 0.021250	 
436.000000	 0.014772	 0.018750	 0.017949	 0.976250	 0.021250	 0.023448	 0.021250	 0.019986	 0.978750	 0.021250	 
437.000000	 0.013963	 0.018750	 0.019044	 0.973750	 0.022500	 0.023189	 0.021250	 0.019940	 0.978750	 0.021250	 
438.000000	 0.013314	 0.018750	 0.019558	 0.966250	 0.026250	 0.022932	 0.018750	 0.019877	 0.978750	 0.020000	 
439.000000	 0.014958	 0.021250	 0.017675	 0.963750	 0.028750	 0.022728	 0.021250	 0.019773	 0.978750	 0.021250	 
440.000000	 0.018057	 0.023750	 0.014695	 0.953750	 0.035000	 0.022610	 0.021250	 0.019648	 0.978750	 0.021250	 
441.000000	 0.020689	 0.021250	 0.015274	 0.978750	 0.021250	 0.022564	 0.021250	 0.019543	 0.978750	 0.021250	 
442.000000	 0.021182	 0.018750	 0.018678	 0.978750	 0.020000	 0.022531	 0.021250	 0.019523	 0.978750	 0.021250	 
443.000000	 0.020359	 0.021250	 0.021107	 0.978750	 0.021250	 0.022482	 0.021250	 0.019559	 0.978750	 0.021250	 
444.000000	 0.020166	 0.063750	 0.022928	 0.973750	 0.045000	 0.022415	 0.021250	 0.019623	 0.978750	 0.021250	 
445.000000	 0.020857	 0.046250	 0.024822	 0.973750	 0.036250	 0.022361	 0.021250	 0.019716	 0.978750	 0.021250	 
446.000000	 0.022730	 0.026250	 0.026592	 0.973750	 0.026250	 0.022363	 0.021250	 0.019842	 0.978750	 0.021250	 
447.000000	 0.025227	 0.023750	 0.026385	 0.978750	 0.022500	 0.022416	 0.021250	 0.019979	 0.978750	 0.021250	 
448.000000	 0.027572	 0.023750	 0.025265	 0.978750	 0.022500	 0.022517	 0.021250	 0.020087	 0.978750	 0.021250	 
449.000000	 0.026087	 0.021250	 0.028724	 0.973750	 0.023750	 0.022588	 0.021250	 0.020235	 0.978750	 0.021250	 
450.000000	 0.022192	 0.018750	 0.029332	 0.976250	 0.021250	 0.022577	 0.021250	 0.020409	 0.978750	 0.021250	 
451.000000	 0.021420	 0.021250	 0.025827	 0.981250	 0.020000	 0.022555	 0.021250	 0.020506	 0.978750	 0.021250	 
452.000000	 0.021011	 0.018750	 0.019088	 0.981250	 0.018750	 0.022522	 0.021250	 0.020471	 0.978750	 0.021250	 
453.000000	 0.023017	 0.041250	 0.016144	 0.973750	 0.033750	 0.022454	 0.021250	 0.020386	 0.978750	 0.021250	 
454.000000	 0.024716	 0.028750	 0.019517	 0.976250	 0.026250	 0.022466	 0.021250	 0.020366	 0.978750	 0.021250	 
455.000000	 0.023295	 0.021250	 0.021901	 0.978750	 0.021250	 0.022481	 0.021250	 0.020393	 0.978750	 0.021250	 
456.000000	 0.020622	 0.018750	 0.023037	 0.978750	 0.020000	 0.022441	 0.021250	 0.020440	 0.978750	 0.021250	 
457.000000	 0.021517	 0.036250	 0.022352	 0.981250	 0.027500	 0.022414	 0.021250	 0.020468	 0.978750	 0.021250	 
458.000000	 0.027462	 0.021250	 0.020040	 0.981250	 0.020000	 0.022499	 0.021250	 0.020455	 0.978750	 0.021250	 
459.000000	 0.027127	 0.018750	 0.018133	 0.978750	 0.020000	 0.022571	 0.021250	 0.020416	 0.978750	 0.021250	 
460.000000	 0.027966	 0.016250	 0.017464	 0.976250	 0.020000	 0.022643	 0.021250	 0.020367	 0.978750	 0.021250	 
461.000000	 0.023846	 0.016250	 0.017533	 0.973750	 0.021250	 0.022634	 0.021250	 0.020311	 0.978750	 0.021250	 
462.000000	 0.019813	 0.016250	 0.016991	 0.976250	 0.020000	 0.022571	 0.021250	 0.020254	 0.978750	 0.021250	 
463.000000	 0.021670	 0.023750	 0.017235	 0.978750	 0.022500	 0.022556	 0.021250	 0.020207	 0.978750	 0.021250	 
464.000000	 0.024693	 0.021250	 0.017407	 0.978750	 0.021250	 0.022589	 0.021250	 0.020164	 0.978750	 0.021250	 
465.000000	 0.023291	 0.023750	 0.017986	 0.978750	 0.022500	 0.022598	 0.021250	 0.020131	 0.978750	 0.021250	 
466.000000	 0.018402	 0.021250	 0.019145	 0.976250	 0.022500	 0.022535	 0.021250	 0.020112	 0.978750	 0.021250	 
467.000000	 0.017895	 0.018750	 0.018415	 0.976250	 0.021250	 0.022467	 0.021250	 0.020087	 0.978750	 0.021250	 
468.000000	 0.018281	 0.018750	 0.018166	 0.978750	 0.020000	 0.022403	 0.021250	 0.020059	 0.978750	 0.021250	 
469.000000	 0.018589	 0.018750	 0.019103	 0.978750	 0.020000	 0.022345	 0.021250	 0.020046	 0.978750	 0.021250	 
470.000000	 0.021070	 0.036250	 0.023069	 0.978750	 0.028750	 0.022314	 0.021250	 0.020088	 0.978750	 0.021250	 
471.000000	 0.025260	 0.026250	 0.027267	 0.976250	 0.025000	 0.022341	 0.021250	 0.020184	 0.978750	 0.021250	 
472.000000	 0.025561	 0.023750	 0.024169	 0.978750	 0.022500	 0.022379	 0.021250	 0.020238	 0.978750	 0.021250	 
473.000000	 0.022289	 0.021250	 0.023226	 0.978750	 0.021250	 0.022378	 0.021250	 0.020278	 0.978750	 0.021250	 
474.000000	 0.019529	 0.021250	 0.024214	 0.978750	 0.021250	 0.022340	 0.021250	 0.020331	 0.978750	 0.021250	 
475.000000	 0.017565	 0.021250	 0.021601	 0.978750	 0.021250	 0.022277	 0.021250	 0.020348	 0.978750	 0.021250	 
476.000000	 0.015971	 0.021250	 0.017942	 0.981250	 0.020000	 0.022195	 0.021250	 0.020313	 0.978750	 0.021250	 
477.000000	 0.014913	 0.023750	 0.015889	 0.981250	 0.021250	 0.022101	 0.021250	 0.020253	 0.978750	 0.021250	 
478.000000	 0.014473	 0.026250	 0.014106	 0.981250	 0.022500	 0.021998	 0.021250	 0.020173	 0.978750	 0.021250	 
479.000000	 0.014788	 0.026250	 0.014482	 0.978750	 0.023750	 0.021902	 0.021250	 0.020101	 0.978750	 0.021250	 
480.000000	 0.015642	 0.023750	 0.015842	 0.978750	 0.022500	 0.021822	 0.021250	 0.020049	 0.978750	 0.021250	 
481.000000	 0.016124	 0.021250	 0.017611	 0.916250	 0.052500	 0.021753	 0.021250	 0.019987	 0.978750	 0.021250	 
482.000000	 0.016251	 0.023750	 0.020626	 0.946250	 0.038750	 0.021684	 0.021250	 0.019952	 0.978750	 0.021250	 
483.000000	 0.016528	 0.026250	 0.024721	 0.963750	 0.031250	 0.021618	 0.021250	 0.019962	 0.978750	 0.021250	 
484.000000	 0.018688	 0.031250	 0.025365	 0.973750	 0.028750	 0.021567	 0.021250	 0.020006	 0.978750	 0.021250	 
485.000000	 0.022159	 0.026250	 0.023129	 0.978750	 0.023750	 0.021565	 0.021250	 0.020042	 0.978750	 0.021250	 
486.000000	 0.027717	 0.033750	 0.020265	 0.978750	 0.027500	 0.021607	 0.021250	 0.020045	 0.978750	 0.021250	 
487.000000	 0.029035	 0.026250	 0.018427	 0.978750	 0.023750	 0.021674	 0.021250	 0.020026	 0.978750	 0.021250	 
488.000000	 0.027071	 0.023750	 0.018384	 0.978750	 0.022500	 0.021729	 0.021250	 0.020008	 0.978750	 0.021250	 
489.000000	 0.022020	 0.023750	 0.019647	 0.981250	 0.021250	 0.021733	 0.021250	 0.020003	 0.978750	 0.021250	 
490.000000	 0.019784	 0.021250	 0.019939	 0.981250	 0.020000	 0.021711	 0.021250	 0.020002	 0.978750	 0.021250	 
491.000000	 0.020754	 0.023750	 0.021330	 0.978750	 0.022500	 0.021701	 0.021250	 0.020016	 0.978750	 0.021250	 
492.000000	 0.021581	 0.021250	 0.023893	 0.976250	 0.022500	 0.021699	 0.021250	 0.020057	 0.978750	 0.021250	 
493.000000	 0.026578	 0.023750	 0.025235	 0.976250	 0.023750	 0.021748	 0.021250	 0.020111	 0.978750	 0.021250	 
494.000000	 0.030015	 0.021250	 0.024470	 0.976250	 0.022500	 0.021835	 0.021250	 0.020155	 0.978750	 0.021250	 
495.000000	 0.031692	 0.023750	 0.027838	 0.966250	 0.028750	 0.021935	 0.021250	 0.020212	 0.978750	 0.021250	 
496.000000	 0.033323	 0.028750	 0.031929	 0.973750	 0.027500	 0.022036	 0.021250	 0.020317	 0.978750	 0.021250	 
497.000000	 0.029733	 0.023750	 0.030866	 0.976250	 0.023750	 0.022108	 0.021250	 0.020421	 0.978750	 0.021250	 
498.000000	 0.024835	 0.026250	 0.024646	 0.978750	 0.023750	 0.022128	 0.021250	 0.020464	 0.978750	 0.021250	 
499.000000	 0.021827	 0.021250	 0.018873	 0.981250	 0.020000	 0.022125	 0.021250	 0.020444	 0.978750	 0.021250	 
500.000000	 0.020227	 0.018750	 0.016030	 0.978750	 0.020000	 0.022101	 0.021250	 0.020400	 0.978750	 0.021250	 
501.000000	 0.019753	 0.021250	 0.017275	 0.981250	 0.020000	 0.022078	 0.021250	 0.020369	 0.978750	 0.021250	 
502.000000	 0.021912	 0.021250	 0.018906	 0.981250	 0.020000	 0.022076	 0.021250	 0.020352	 0.978750	 0.021250	 
503.000000	 0.023643	 0.021250	 0.021386	 0.981250	 0.020000	 0.022091	 0.021250	 0.020358	 0.978750	 0.021250	 
504.000000	 0.022970	 0.018750	 0.022924	 0.981250	 0.018750	 0.022099	 0.021250	 0.020381	 0.978750	 0.021250	 
505.000000	 0.021198	 0.021250	 0.021646	 0.978750	 0.021250	 0.022091	 0.021250	 0.020393	 0.978750	 0.021250	 
506.000000	 0.021549	 0.026250	 0.020654	 0.978750	 0.023750	 0.022081	 0.021250	 0.020396	 0.978750	 0.021250	 
507.000000	 0.021861	 0.023750	 0.020390	 0.976250	 0.023750	 0.022077	 0.021250	 0.020395	 0.978750	 0.021250	 
508.000000	 0.020290	 0.023750	 0.020830	 0.973750	 0.025000	 0.022060	 0.021250	 0.020391	 0.978750	 0.021250	 
509.000000	 0.020069	 0.021250	 0.020392	 0.976250	 0.022500	 0.022042	 0.021250	 0.020389	 0.978750	 0.021250	 
510.000000	 0.020599	 0.021250	 0.019852	 0.976250	 0.022500	 0.022029	 0.021250	 0.020383	 0.978750	 0.021250	 
511.000000	 0.019970	 0.021250	 0.019009	 0.978750	 0.021250	 0.022010	 0.021250	 0.020371	 0.978750	 0.021250	 
512.000000	 0.020002	 0.023750	 0.018340	 0.978750	 0.022500	 0.021991	 0.021250	 0.020353	 0.978750	 0.021250	 
513.000000	 0.022553	 0.018750	 0.020066	 0.981250	 0.018750	 0.021990	 0.021250	 0.020349	 0.978750	 0.021250	 
514.000000	 0.021768	 0.016250	 0.021891	 0.978750	 0.018750	 0.021980	 0.021250	 0.020362	 0.978750	 0.021250	 
515.000000	 0.023086	 0.058750	 0.023897	 0.978750	 0.040000	 0.021974	 0.021250	 0.020393	 0.978750	 0.021250	 
516.000000	 0.026682	 0.066250	 0.023828	 0.978750	 0.043750	 0.021979	 0.021250	 0.020422	 0.978750	 0.021250	 
517.000000	 0.035203	 0.048750	 0.026452	 0.963750	 0.042500	 0.021992	 0.021250	 0.020457	 0.978750	 0.021250	 
518.000000	 0.037143	 0.036250	 0.031752	 0.973750	 0.031250	 0.022040	 0.021250	 0.020542	 0.978750	 0.021250	 
519.000000	 0.034620	 0.028750	 0.032700	 0.976250	 0.026250	 0.022116	 0.021250	 0.020643	 0.978750	 0.021250	 
520.000000	 0.028006	 0.023750	 0.029149	 0.976250	 0.023750	 0.022164	 0.021250	 0.020710	 0.978750	 0.021250	 
521.000000	 0.024021	 0.021250	 0.023453	 0.976250	 0.022500	 0.022180	 0.021250	 0.020730	 0.978750	 0.021250	 
522.000000	 0.022285	 0.021250	 0.019294	 0.978750	 0.021250	 0.022180	 0.021250	 0.020719	 0.978750	 0.021250	 
523.000000	 0.020645	 0.023750	 0.018824	 0.978750	 0.022500	 0.022167	 0.021250	 0.020703	 0.978750	 0.021250	 
524.000000	 0.019396	 0.051250	 0.019398	 0.981250	 0.035000	 0.022140	 0.021250	 0.020692	 0.978750	 0.021250	 
525.000000	 0.018661	 0.031250	 0.018308	 0.981250	 0.025000	 0.022107	 0.021250	 0.020671	 0.978750	 0.021250	 
526.000000	 0.019394	 0.031250	 0.018253	 0.976250	 0.027500	 0.022071	 0.021250	 0.020651	 0.978750	 0.021250	 
527.000000	 0.017299	 0.036250	 0.021905	 0.976250	 0.030000	 0.022029	 0.021250	 0.020660	 0.978750	 0.021250	 
528.000000	 0.020114	 0.028750	 0.025423	 0.976250	 0.026250	 0.022008	 0.021250	 0.020697	 0.978750	 0.021250	 
529.000000	 0.023374	 0.023750	 0.029877	 0.976250	 0.023750	 0.022017	 0.021250	 0.020766	 0.978750	 0.021250	 
530.000000	 0.025045	 0.023750	 0.028872	 0.978750	 0.022500	 0.022040	 0.021250	 0.020828	 0.978750	 0.021250	 
531.000000	 0.026407	 0.023750	 0.024485	 0.978750	 0.022500	 0.022070	 0.021250	 0.020856	 0.978750	 0.021250	 
532.000000	 0.025743	 0.023750	 0.020764	 0.981250	 0.021250	 0.022095	 0.021250	 0.020855	 0.978750	 0.021250	 
533.000000	 0.023076	 0.026250	 0.019364	 0.978750	 0.023750	 0.022099	 0.021250	 0.020844	 0.978750	 0.021250	 
534.000000	 0.021956	 0.023750	 0.019855	 0.978750	 0.022500	 0.022096	 0.021250	 0.020837	 0.978750	 0.021250	 
535.000000	 0.021246	 0.021250	 0.018259	 0.978750	 0.021250	 0.022090	 0.021250	 0.020818	 0.978750	 0.021250	 
536.000000	 0.022885	 0.018750	 0.020066	 0.978750	 0.020000	 0.022093	 0.021250	 0.020812	 0.978750	 0.021250	 
537.000000	 0.022980	 0.016250	 0.022709	 0.903750	 0.056250	 0.022093	 0.021250	 0.020821	 0.978750	 0.021250	 
538.000000	 0.024191	 0.018750	 0.023646	 0.931250	 0.043750	 0.022107	 0.021250	 0.020834	 0.978750	 0.021250	 
539.000000	 0.025324	 0.018750	 0.024360	 0.951250	 0.033750	 0.022129	 0.021250	 0.020854	 0.978750	 0.021250	 
540.000000	 0.028893	 0.038750	 0.028980	 0.963750	 0.037500	 0.022171	 0.021250	 0.020885	 0.978750	 0.021250	 
541.000000	 0.034910	 0.026250	 0.029182	 0.973750	 0.026250	 0.022250	 0.021250	 0.020937	 0.978750	 0.021250	 
542.000000	 0.035078	 0.023750	 0.027034	 0.976250	 0.023750	 0.022337	 0.021250	 0.020979	 0.978750	 0.021250	 
543.000000	 0.029398	 0.023750	 0.024183	 0.978750	 0.022500	 0.022385	 0.021250	 0.021001	 0.978750	 0.021250	 
544.000000	 0.023765	 0.023750	 0.021012	 0.976250	 0.023750	 0.022394	 0.021250	 0.021001	 0.978750	 0.021250	 
545.000000	 0.020750	 0.023750	 0.018834	 0.971250	 0.026250	 0.022383	 0.021250	 0.020981	 0.978750	 0.021250	 
546.000000	 0.019076	 0.021250	 0.019720	 0.973750	 0.023750	 0.022360	 0.021250	 0.020967	 0.978750	 0.021250	 
547.000000	 0.017695	 0.021250	 0.021871	 0.966250	 0.027500	 0.022329	 0.021250	 0.020960	 0.978750	 0.021250	 
548.000000	 0.015736	 0.021250	 0.023089	 0.966250	 0.027500	 0.022285	 0.021250	 0.020957	 0.978750	 0.021250	 
549.000000	 0.014166	 0.106250	 0.023036	 0.966250	 0.070000	 0.022230	 0.021250	 0.020951	 0.978750	 0.021250	 
550.000000	 0.016444	 0.021250	 0.024664	 0.961250	 0.030000	 0.022191	 0.021250	 0.020941	 0.978750	 0.021250	 
551.000000	 0.019670	 0.021250	 0.022638	 0.973750	 0.023750	 0.022175	 0.021250	 0.020947	 0.978750	 0.021250	 
552.000000	 0.020623	 0.021250	 0.023079	 0.978750	 0.021250	 0.022165	 0.021250	 0.020960	 0.978750	 0.021250	 
553.000000	 0.020419	 0.021250	 0.024837	 0.978750	 0.021250	 0.022153	 0.021250	 0.020986	 0.978750	 0.021250	 
554.000000	 0.021970	 0.023750	 0.027042	 0.973750	 0.025000	 0.022152	 0.021250	 0.021019	 0.978750	 0.021250	 
555.000000	 0.021694	 0.018750	 0.024434	 0.978750	 0.020000	 0.022147	 0.021250	 0.021041	 0.978750	 0.021250	 
556.000000	 0.020978	 0.018750	 0.020191	 0.981250	 0.018750	 0.022139	 0.021250	 0.021034	 0.978750	 0.021250	 
557.000000	 0.018871	 0.018750	 0.019274	 0.978750	 0.020000	 0.022117	 0.021250	 0.021023	 0.978750	 0.021250	 
558.000000	 0.017495	 0.026250	 0.021227	 0.976250	 0.025000	 0.022087	 0.021250	 0.021024	 0.978750	 0.021250	 
559.000000	 0.020645	 0.021250	 0.023780	 0.976250	 0.022500	 0.022078	 0.021250	 0.021040	 0.978750	 0.021250	 
560.000000	 0.020937	 0.018750	 0.026426	 0.976250	 0.021250	 0.022069	 0.021250	 0.021072	 0.978750	 0.021250	 
561.000000	 0.020734	 0.018750	 0.027819	 0.973750	 0.022500	 0.022058	 0.021250	 0.021109	 0.978750	 0.021250	 
562.000000	 0.022950	 0.021250	 0.022597	 0.976250	 0.022500	 0.022064	 0.021250	 0.021117	 0.978750	 0.021250	 
563.000000	 0.026768	 0.021250	 0.022277	 0.953750	 0.033750	 0.022092	 0.021250	 0.021122	 0.978750	 0.021250	 
564.000000	 0.029432	 0.023750	 0.026687	 0.976250	 0.023750	 0.022136	 0.021250	 0.021154	 0.978750	 0.021250	 
565.000000	 0.030792	 0.026250	 0.029144	 0.976250	 0.025000	 0.022185	 0.021250	 0.021199	 0.978750	 0.021250	 
566.000000	 0.031365	 0.023750	 0.037362	 0.968750	 0.027500	 0.022238	 0.021250	 0.021275	 0.978750	 0.021250	 
567.000000	 0.029865	 0.023750	 0.041075	 0.973750	 0.025000	 0.022281	 0.021250	 0.021378	 0.978750	 0.021250	 
568.000000	 0.024924	 0.023750	 0.036882	 0.973750	 0.025000	 0.022296	 0.021250	 0.021464	 0.978750	 0.021250	 
569.000000	 0.023232	 0.026250	 0.031368	 0.981250	 0.022500	 0.022299	 0.021250	 0.021522	 0.978750	 0.021250	 
570.000000	 0.023232	 0.026250	 0.027388	 0.981250	 0.022500	 0.022299	 0.021250	 0.021555	 0.978750	 0.021250	 
571.000000	 0.021650	 0.026250	 0.028386	 0.981250	 0.022500	 0.022289	 0.021250	 0.021594	 0.978750	 0.021250	 
572.000000	 0.018384	 0.021250	 0.026036	 0.978750	 0.021250	 0.022267	 0.021250	 0.021619	 0.978750	 0.021250	 
573.000000	 0.016714	 0.018750	 0.022677	 0.976250	 0.021250	 0.022232	 0.021250	 0.021625	 0.978750	 0.021250	 
574.000000	 0.016600	 0.018750	 0.018469	 0.981250	 0.018750	 0.022198	 0.021250	 0.021605	 0.978750	 0.021250	 
575.000000	 0.018941	 0.021250	 0.017530	 0.981250	 0.020000	 0.022180	 0.021250	 0.021581	 0.978750	 0.021250	 
576.000000	 0.021099	 0.021250	 0.017209	 0.978750	 0.021250	 0.022174	 0.021250	 0.021556	 0.978750	 0.021250	 
577.000000	 0.021254	 0.021250	 0.016826	 0.978750	 0.021250	 0.022169	 0.021250	 0.021530	 0.978750	 0.021250	 
578.000000	 0.020082	 0.021250	 0.019093	 0.976250	 0.022500	 0.022157	 0.021250	 0.021515	 0.978750	 0.021250	 
579.000000	 0.019260	 0.018750	 0.019524	 0.978750	 0.020000	 0.022140	 0.021250	 0.021503	 0.978750	 0.021250	 
580.000000	 0.019894	 0.038750	 0.019252	 0.973750	 0.032500	 0.022122	 0.021250	 0.021489	 0.978750	 0.021250	 
581.000000	 0.024431	 0.021250	 0.020445	 0.981250	 0.020000	 0.022135	 0.021250	 0.021483	 0.978750	 0.021250	 
582.000000	 0.023498	 0.018750	 0.018133	 0.983750	 0.017500	 0.022139	 0.021250	 0.021458	 0.978750	 0.021250	 
583.000000	 0.019404	 0.016250	 0.018388	 0.978750	 0.018750	 0.022119	 0.021250	 0.021441	 0.978750	 0.021250	 
584.000000	 0.016373	 0.018750	 0.021928	 0.978750	 0.020000	 0.022087	 0.021250	 0.021444	 0.978750	 0.021250	 
585.000000	 0.017936	 0.021250	 0.025711	 0.981250	 0.020000	 0.022065	 0.021250	 0.021466	 0.978750	 0.021250	 
586.000000	 0.024314	 0.041250	 0.027031	 0.981250	 0.030000	 0.022066	 0.021250	 0.021494	 0.978750	 0.021250	 
587.000000	 0.033804	 0.028750	 0.026726	 0.981250	 0.023750	 0.022118	 0.021250	 0.021520	 0.978750	 0.021250	 
588.000000	 0.036242	 0.023750	 0.036748	 0.973750	 0.025000	 0.022192	 0.021250	 0.021597	 0.978750	 0.021250	 
589.000000	 0.037233	 0.028750	 0.039579	 0.981250	 0.023750	 0.022263	 0.021250	 0.021691	 0.978750	 0.021250	 
590.000000	 0.041744	 0.026250	 0.037769	 0.973750	 0.026250	 0.022356	 0.021250	 0.021772	 0.978750	 0.021250	 
591.000000	 0.039173	 0.023750	 0.039257	 0.978750	 0.022500	 0.022441	 0.021250	 0.021863	 0.978750	 0.021250	 
592.000000	 0.030413	 0.021250	 0.033720	 0.978750	 0.021250	 0.022482	 0.021250	 0.021925	 0.978750	 0.021250	 
593.000000	 0.023426	 0.018750	 0.031013	 0.978750	 0.020000	 0.022484	 0.021250	 0.021971	 0.978750	 0.021250	 
594.000000	 0.020038	 0.018750	 0.027171	 0.981250	 0.018750	 0.022470	 0.021250	 0.021997	 0.978750	 0.021250	 
595.000000	 0.020174	 0.021250	 0.024035	 0.981250	 0.020000	 0.022458	 0.021250	 0.022004	 0.978750	 0.021250	 
596.000000	 0.020933	 0.021250	 0.021091	 0.981250	 0.020000	 0.022450	 0.021250	 0.021998	 0.978750	 0.021250	 
597.000000	 0.020178	 0.021250	 0.017843	 0.981250	 0.020000	 0.022439	 0.021250	 0.021976	 0.978750	 0.021250	 
598.000000	 0.017957	 0.018750	 0.016680	 0.978750	 0.020000	 0.022416	 0.021250	 0.021949	 0.978750	 0.021250	 
599.000000	 0.017772	 0.021250	 0.020382	 0.978750	 0.021250	 0.022393	 0.021250	 0.021941	 0.978750	 0.021250	 
600.000000	 0.018909	 0.021250	 0.021127	 0.978750	 0.021250	 0.022376	 0.021250	 0.021937	 0.978750	 0.021250	 
