0.0000000000 0.0000000000
0.0012500000 0.0298190240
0.0037500000 0.0239627993
0.0062500000 0.0184202783
0.0087500000 0.0137054760
0.0112500000 0.0100853115
0.0137500000 0.0075160501
0.0162500000 0.0058020658
0.0187500000 0.0046980214
0.0212500000 0.0039886824
0.0237500000 0.0035268963
0.0262500000 0.0032158294
0.0287500000 0.0029835833
0.0312500000 0.0027928859
0.0337500000 0.0026212802
0.0362500000 0.0024552962
0.0387500000 0.0022918520
0.0412500000 0.0021242182
0.0437500000 0.0019532312
0.0462500000 0.0017838857
0.0487500000 0.0016311204
0.0512500000 0.0014943898
0.0537500000 0.0013843052
0.0562500000 0.0012916854
0.0587500000 0.0012210242
0.0612500000 0.0011723760
0.0637500000 0.0011320622
0.0662500000 0.0011048092
0.0687500000 0.0010872462
0.0712500000 0.0010756950
0.0737500000 0.0010725283
0.0762500000 0.0010723041
0.0787500000 0.0010732067
0.0812500000 0.0010780420
0.0837500000 0.0010850833
0.0862500000 0.0010910897
0.0887500000 0.0010974961
0.0912500000 0.0010996513
0.0937500000 0.0011015348
0.0962500000 0.0011020896
0.0987500000 0.0010950757
0.1012500000 0.0010873428
0.1037500000 0.0010746346
0.1062500000 0.0010592195
0.1087500000 0.0010402896
0.1112500000 0.0010210547
0.1137500000 0.0009993842
0.1162500000 0.0009780927
0.1187500000 0.0009542064
0.1212500000 0.0009274774
0.1237500000 0.0009031966
0.1262500000 0.0008747246
0.1287500000 0.0008437622
0.1312500000 0.0008119344
0.1337500000 0.0007797304
0.1362500000 0.0007454217
0.1387500000 0.0007070884
0.1412500000 0.0006698723
0.1437500000 0.0006295919
0.1462500000 0.0005864026
0.1487500000 0.0005455577
0.1512500000 0.0004998290
0.1537500000 0.0004562922
0.1562500000 0.0004115909
0.1587500000 0.0003666577
0.1612500000 0.0003202625
0.1637500000 0.0002747242
0.1662500000 0.0002276716
0.1687500000 0.0001818188
0.1712500000 0.0001348334
0.1737500000 0.0000908496
0.1762500000 0.0000437257
0.1787500000 0.0000000961
0.1812500000 -0.0000459660
0.1837500000 -0.0000887804
0.1862500000 -0.0001295928
0.1887500000 -0.0001692491
0.1912500000 -0.0002065757
0.1937500000 -0.0002428326
0.1962500000 -0.0002741904
0.1987500000 -0.0003027956
0.2012500000 -0.0003259084
0.2037500000 -0.0003470170
0.2062500000 -0.0003629733
0.2087500000 -0.0003769981
0.2112500000 -0.0003889462
0.2137500000 -0.0004013150
0.2162500000 -0.0004092685
0.2187500000 -0.0004182947
0.2212500000 -0.0004245517
0.2237500000 -0.0004309900
0.2262500000 -0.0004364390
0.2287500000 -0.0004410404
0.2312500000 -0.0004462238
0.2337500000 -0.0004496005
0.2362500000 -0.0004534485
0.2387500000 -0.0004565524
0.2412500000 -0.0004589210
0.2437500000 -0.0004604987
0.2462500000 -0.0004621869
0.2487500000 -0.0004633097
0.2512500000 -0.0004639564
0.2537500000 -0.0004642024
0.2562500000 -0.0004644268
0.2587500000 -0.0004642708
0.2612500000 -0.0004639065
0.2637500000 -0.0004634706
0.2662500000 -0.0004630974
0.2687500000 -0.0004625392
0.2712500000 -0.0004621864
0.2737500000 -0.0004615814
0.2762500000 -0.0004609921
0.2787500000 -0.0004604811
0.2812500000 -0.0004597697
0.2837500000 -0.0004590000
0.2862500000 -0.0004581747
0.2887500000 -0.0004569632
0.2912500000 -0.0004559104
0.2937500000 -0.0004548346
0.2962500000 -0.0004537373
0.2987500000 -0.0004523809
0.3012500000 -0.0004510657
0.3037500000 -0.0004497375
0.3062500000 -0.0004483868
0.3087500000 -0.0004467827
0.3112500000 -0.0004451478
0.3137500000 -0.0004433596
0.3162500000 -0.0004415584
0.3187500000 -0.0004395987
0.3212500000 -0.0004376939
0.3237500000 -0.0004357695
0.3262500000 -0.0004339917
0.3287500000 -0.0004321959
0.3312500000 -0.0004303625
0.3337500000 -0.0004285275
0.3362500000 -0.0004270151
0.3387500000 -0.0004253692
0.3412500000 -0.0004240230
0.3437500000 -0.0004226534
0.3462500000 -0.0004215152
0.3487500000 -0.0004207409
0.3512500000 -0.0004197844
0.3537500000 -0.0004188893
0.3562500000 -0.0004182959
0.3587500000 -0.0004175293
0.3612500000 -0.0004168069
0.3637500000 -0.0004164334
0.3662500000 -0.0004156082
0.3687500000 -0.0004149841
0.3712500000 -0.0004141717
0.3737500000 -0.0004132946
0.3762500000 -0.0004125337
0.3787500000 -0.0004116748
0.3812500000 -0.0004106413
0.3837500000 -0.0004095562
0.3862500000 -0.0004085630
0.3887500000 -0.0004073880
0.3912500000 -0.0004061998
0.3937500000 -0.0004049792
0.3962500000 -0.0004037854
0.3987500000 -0.0004025786
0.4012500000 -0.0004016923
0.4037500000 -0.0004005400
0.4062500000 -0.0003994888
0.4087500000 -0.0003986479
0.4112500000 -0.0003979816
0.4137500000 -0.0003972810
0.4162500000 -0.0003966057
0.4187500000 -0.0003960275
0.4212500000 -0.0003957938
0.4237500000 -0.0003956175
0.4262500000 -0.0003950840
0.4287500000 -0.0003949593
0.4312500000 -0.0003946924
0.4337500000 -0.0003946148
0.4362500000 -0.0003944057
0.4387500000 -0.0003943471
0.4412500000 -0.0003941621
0.4437500000 -0.0003942327
0.4462500000 -0.0003944838
0.4487500000 -0.0003949057
0.4512500000 -0.0003952582
0.4537500000 -0.0003957148
0.4562500000 -0.0003961091
0.4587500000 -0.0003964490
0.4612500000 -0.0003968732
0.4637500000 -0.0003974053
0.4662500000 -0.0003976515
0.4687500000 -0.0003983033
0.4712500000 -0.0003986150
0.4737500000 -0.0003989524
0.4762500000 -0.0003992570
0.4787500000 -0.0003995587
0.4812500000 -0.0003997061
0.4837500000 -0.0003999175
0.4862500000 -0.0004003253
0.4887500000 -0.0004006391
0.4912500000 -0.0004007823
0.4937500000 -0.0004012954
0.4962500000 -0.0004015562
0.4987500000 -0.0004020837
0.5012500000 -0.0004025701
0.5037500000 -0.0004030615
0.5062500000 -0.0004036131
0.5087500000 -0.0004042697
0.5112500000 -0.0004048378
0.5137500000 -0.0004057335
0.5162500000 -0.0004068123
0.5187500000 -0.0004076329
0.5212500000 -0.0004086301
0.5237500000 -0.0004094971
0.5262500000 -0.0004104031
0.5287500000 -0.0004114193
0.5312500000 -0.0004124590
0.5337500000 -0.0004133222
0.5362500000 -0.0004145367
0.5387500000 -0.0004155119
0.5412500000 -0.0004167267
0.5437500000 -0.0004178652
0.5462500000 -0.0004190633
0.5487500000 -0.0004204449
0.5512500000 -0.0004217189
0.5537500000 -0.0004227847
0.5562500000 -0.0004241264
0.5587500000 -0.0004253608
0.5612500000 -0.0004266488
0.5637500000 -0.0004278471
0.5662500000 -0.0004288491
0.5687500000 -0.0004299341
0.5712500000 -0.0004309757
0.5737500000 -0.0004318867
0.5762500000 -0.0004326930
0.5787500000 -0.0004337171
0.5812500000 -0.0004344532
0.5837500000 -0.0004351935
0.5862500000 -0.0004359790
0.5887500000 -0.0004368589
0.5912500000 -0.0004377274
0.5937500000 -0.0004387070
0.5962500000 -0.0004397598
0.5987500000 -0.0004410550
0.6012500000 -0.0004423874
0.6037500000 -0.0004438926
0.6062500000 -0.0004454984
0.6087500000 -0.0004471738
0.6112500000 -0.0004491154
0.6137500000 -0.0004511799
0.6162500000 -0.0004531756
0.6187500000 -0.0004552705
0.6212500000 -0.0004575557
0.6237500000 -0.0004600597
0.6262500000 -0.0004624499
0.6287500000 -0.0004649715
0.6312500000 -0.0004674585
0.6337500000 -0.0004702073
0.6362500000 -0.0004729286
0.6387500000 -0.0004756631
0.6412500000 -0.0004785847
0.6437500000 -0.0004816361
0.6462500000 -0.0004846880
0.6487500000 -0.0004877955
0.6512500000 -0.0004910071
0.6537500000 -0.0004941328
0.6562500000 -0.0004973155
0.6587500000 -0.0005004866
0.6612500000 -0.0005037707
0.6637500000 -0.0005070548
0.6662500000 -0.0005105391
0.6687500000 -0.0005139656
0.6712500000 -0.0005174632
0.6737500000 -0.0005214067
0.6762500000 -0.0005253556
0.6787500000 -0.0005297159
0.6812500000 -0.0005342996
0.6837500000 -0.0005390241
0.6862500000 -0.0005441467
0.6887500000 -0.0005494696
0.6912500000 -0.0005554157
0.6937500000 -0.0005616792
0.6962500000 -0.0005683710
0.6987500000 -0.0005754870
0.7012500000 -0.0005827878
0.7037500000 -0.0005902096
0.7062500000 -0.0005984752
0.7087500000 -0.0006066570
0.7112500000 -0.0006152549
0.7137500000 -0.0006241449
0.7162500000 -0.0006332016
0.7187500000 -0.0006429222
0.7212500000 -0.0006529946
0.7237500000 -0.0006636232
0.7262500000 -0.0006749519
0.7287500000 -0.0006866694
0.7312500000 -0.0006992752
0.7337500000 -0.0007123406
0.7362500000 -0.0007263676
0.7387500000 -0.0007411397
0.7412500000 -0.0007571351
0.7437500000 -0.0007736909
0.7462500000 -0.0007912549
0.7487500000 -0.0008100280
0.7512500000 -0.0008294938
0.7537500000 -0.0008499169
0.7562500000 -0.0008715933
0.7587500000 -0.0008939561
0.7612500000 -0.0009180963
0.7637500000 -0.0009426982
0.7662500000 -0.0009683590
0.7687500000 -0.0009946775
0.7712500000 -0.0010215559
0.7737500000 -0.0010498472
0.7762500000 -0.0010783816
0.7787500000 -0.0011081514
0.7812500000 -0.0011377809
0.7837500000 -0.0011673570
0.7862500000 -0.0011976740
0.7887500000 -0.0012274343
0.7912500000 -0.0012577300
0.7937500000 -0.0012866983
0.7962500000 -0.0013165062
0.7987500000 -0.0013455163
0.8012500000 -0.0013749866
0.8037500000 -0.0014049488
0.8062500000 -0.0014360478
0.8087500000 -0.0014665526
0.8112500000 -0.0014988013
0.8137500000 -0.0015318611
0.8162500000 -0.0015632768
0.8187500000 -0.0015957345
0.8212500000 -0.0016299281
0.8237500000 -0.0016633535
0.8262500000 -0.0016996439
0.8287500000 -0.0017372330
0.8312500000 -0.0017761564
0.8337500000 -0.0018158235
0.8362500000 -0.0018587549
0.8387500000 -0.0019041946
0.8412500000 -0.0019503042
0.8437500000 -0.0020000120
0.8462500000 -0.0020498280
0.8487500000 -0.0021031806
0.8512500000 -0.0021555569
0.8537500000 -0.0022121915
0.8562500000 -0.0022694407
0.8587500000 -0.0023277867
0.8612500000 -0.0023878671
0.8637500000 -0.0024477919
0.8662500000 -0.0025101377
0.8687500000 -0.0025712447
0.8712500000 -0.0026349401
0.8737500000 -0.0027006341
0.8762500000 -0.0027656972
0.8787500000 -0.0028324286
0.8812500000 -0.0028987264
0.8837500000 -0.0029677290
0.8862500000 -0.0030378027
0.8887500000 -0.0031088486
0.8912500000 -0.0031835504
0.8937500000 -0.0032588180
0.8962500000 -0.0033399531
0.8987500000 -0.0034263731
0.9012500000 -0.0035173289
0.9037500000 -0.0036110231
0.9062500000 -0.0037129585
0.9087500000 -0.0038206621
0.9112500000 -0.0039377593
0.9137500000 -0.0040620274
0.9162500000 -0.0041943829
0.9187500000 -0.0043374706
0.9212500000 -0.0044919654
0.9237500000 -0.0046564998
0.9262500000 -0.0048315463
0.9287500000 -0.0050156569
0.9312500000 -0.0052127838
0.9337500000 -0.0054204828
0.9362500000 -0.0056368458
0.9387500000 -0.0058637193
0.9412500000 -0.0061013192
0.9437500000 -0.0063465730
0.9462500000 -0.0065968366
0.9487500000 -0.0068551133
0.9512500000 -0.0071326902
0.9537500000 -0.0074270960
0.9562500000 -0.0077564106
0.9587500000 -0.0081238766
0.9612500000 -0.0085359762
0.9637500000 -0.0090051604
0.9662500000 -0.0095424455
0.9687500000 -0.0101540569
0.9712500000 -0.0108641292
0.9737500000 -0.0116762963
0.9762500000 -0.0126115754
0.9787500000 -0.0137002488
0.9812500000 -0.0149518489
0.9837500000 -0.0164149443
0.9862500000 -0.0181223648
0.9887500000 -0.0200990332
0.9912500000 -0.0223784069
0.9937500000 -0.0249655058
0.9962500000 -0.0278489645
0.9987500000 -0.0310196799
