/*--------------------------------*- C++ -*----------------------------------*\
  =========                 |
  \\      /  F ield         | OpenFOAM: The Open Source CFD Toolbox
   \\    /   O peration     | Website:  https://openfoam.org
    \\  /    A nd           | Version:  7
     \\/     M anipulation  |
\*---------------------------------------------------------------------------*/
FoamFile
{
    version     2.0;
    format      ascii;
    class       volScalarField;
    location    "0";
    object      divu;
}
// * * * * * * * * * * * * * * * * * * * * * * * * * * * * * * * * * * * * * //

dimensions      [0 0 -1 0 0 0 0];

internalField   nonuniform List<scalar> 
4000
(
-0.0170457174086
-0.0504805453123
-0.00887870737377
-0.0111312614917
-0.0179170579352
0.0545954124985
0.0247083742602
-0.12022261661
-0.0503963254292
-0.0416678446303
0.0305316802469
-0.02189943702
0.0336553982202
-0.119089536754
0.0300203608053
-0.0966279693275
-0.0265052851292
0.0217545657502
0.0448045030475
0.0285291843252
-0.0512240322955
-0.0229478459266
0.0545164216258
0.007125287308
0.0167909839984
0.035724415565
0.0216499153971
0.0148896839974
-0.0094669342575
0.0211598205802
-0.0155865131974
0.0277875853473
-0.0399334973195
0.144851640002
0.0153563044117
0.0375938741783
-0.00234263466907
-0.0797288777384
-0.0564116858898
-0.0578422397935
0.0278819295214
-0.027836490787
0.016521574391
0.0234853232105
-0.0364617733843
0.0348212685291
-0.00903503954228
-0.00111117468072
0.0603429809415
-0.0323613300463
0.008640324916
-0.0287305460074
0.0443756766748
0.00521625544715
0.0044781233841
-0.0107878141558
0.0470220208262
0.000672467214116
0.0165137678914
0.00807523006255
-0.0227423194118
-0.0115795739008
-9.52325375008e-05
0.0142023210679
-0.0198221167002
0.00774543200925
-0.00625323502552
0.0519648217196
0.0121257586754
-0.00226343718482
-0.0171669190121
-0.0512528858514
0.036619405133
-0.0255468047774
-0.0142344417413
0.0234050483925
0.0622973124877
-0.0157382354255
0.0044101871295
0.008857309126
-0.0080969222975
0.130609230454
-0.010533216467
0.0347849970731
0.0158386133133
-0.00489712005583
-0.0229963478088
-0.00819351969573
0.0103855661253
-0.00561243770441
-0.0411878449745
-0.0230525154841
0.0147732985911
-0.00347179775489
-0.0129708436062
0.0262857925133
0.0605920049179
0.00366369887116
0.0131613286971
-0.021523182897
0.0152753105542
0.210938139878
-0.0279778173915
0.0340543654427
0.0292146412214
-0.0154877050494
-0.0388043330153
0.0298767138477
0.0210482437675
0.00160452625472
-0.054652357683
-0.0307667368292
-0.0233986578214
0.0338960102422
-0.00768593344475
0.0166847383347
0.029802848391
0.00747285999825
0.0104836420605
-0.0801219225372
-0.00784805422577
0.0609528402236
-0.0301059417446
0.0410374216842
0.019240026899
-0.0303121219002
-0.0456966692535
0.0414881552002
0.011021590792
0.00751391745437
-0.0486251278432
-0.0402157419802
-0.0324939556204
0.0471139284855
-0.00424058226725
0.0196157457945
-0.0088585822178
0.00532039082826
0.00340617120378
-0.110280385933
-0.00111613116132
-0.0599514428209
-0.00834420284523
0.0469924647315
-0.0108183900875
-0.0282867119791
-0.0364909853643
-0.0149205615324
-0.0261588720325
0.0327873949316
-0.0236759413584
-0.0145046738457
0.0109779425228
0.0224732130602
-0.0056345738934
0.0207062622702
-0.0255368337663
0.03716629781
0.00668811038588
-0.0839116267474
-0.0335720943763
-0.0252293423608
0.00800019093777
-0.0086534360592
-0.0659756702294
-0.00652595664263
-0.043045243482
0.0355289230335
0.00276833249195
0.00335795400575
-0.0121185864669
0.0155599117598
-0.0266194738438
-0.0428195395886
-0.00346946186375
0.0031348808921
0.0238627681883
-0.0115721606481
0.0415811015152
-0.058167029844
0.011645785089
0.0314224839039
-0.0252529632379
0.0359212840196
0.0249320526457
-0.0379175544122
-0.0296449431065
-0.0391627979748
-0.0279328566247
0.0292435561648
0.0757675226133
0.0738108970785
0.0187566311392
0.0012154761004
0.032229850381
0.0591903588261
0.144688017366
0.00735832193632
-0.00988744309825
0.0460521680445
-0.0224288177315
-0.0524514970017
-0.008393486089
-0.003583159726
-0.00491190380387
0.0138407584676
0.0166980108254
0.0212134530613
0.045762976638
0.00351538842617
-0.0500530657715
0.0492660117454
-0.0278233655648
-0.00829866750254
-0.0328298912293
0.0119385033278
-0.0296536922999
-0.121485726217
-0.164388458336
-0.0510365063383
0.0230130755498
0.0100487014873
-0.106361708656
-0.0267306205278
-0.0166083977563
0.0171632004775
0.0308573244281
-0.0346987208553
0.0374161409274
-0.0675630843651
0.0245913627612
-0.0315162069598
0.0618994696999
-0.0460658544509
0.0527719523308
-0.0434228414452
-0.0150150601222
0.0637912715311
0.0564535919457
0.054222851764
-0.00475396795935
-0.0577541776459
0.00144686308333
-0.00948886353596
0.0432389451727
0.0350433528867
0.0232289546333
-0.0428062693223
0.0466021888693
-0.0034129605345
-0.0043585396515
-0.0297601883244
-0.00650358567918
0.0551562972445
0.0384829221871
0.00439592308047
0.0345902885613
0.0556017911523
-0.0269670526908
0.0127970004357
0.0244974411591
-0.0743534888658
0.0199702672142
-0.0363266224953
0.0219683452367
0.0338801673833
0.00329269629483
-0.0120560252679
0.0562021582403
0.0113433453875
-0.0043036145165
0.0215569902504
-0.0387085659233
-0.0025901190275
-0.0821288167038
-0.04593908408
0.067297529309
-0.0437302976639
-0.00953189768677
-0.0137210971382
0.0186364525123
-0.0815222606547
0.0418598871273
0.00104563766898
0.00932465805065
0.0323931516477
0.000104798529452
0.0629232270898
0.0469512082112
0.0138021623485
-0.003048526824
0.032008209767
-0.0380562514373
-0.059848977464
-0.0496156043396
-0.0571255446345
0.0550466116837
-0.017793252068
0.0087205307925
-0.0204607672118
0.032949395326
-0.0247476747396
0.0543845114526
0.000377467525752
0.0066647967445
0.019953287593
0.0196490312533
0.0318077361843
0.000240378900772
0.0110079104901
-0.0123287026985
0.050089675967
-0.00462764028975
-0.0194852437071
-0.0455038198976
-0.00560845309721
-0.000198225018675
2.64529765e-05
0.00763970555975
-0.009597305161
0.00218784099225
0.00634809151975
0.0552272002005
0.00396390543155
0.0249051789122
0.00596252027702
0.0149481371548
-0.0371256172018
-0.0308283347324
-0.000903483469647
-0.0194608472077
-0.019088620359
0.00938855737929
-0.0126120086687
0.0115460851169
-0.013001392857
-0.0744967726292
0.0141190853417
0.0121982687037
0.00878310223178
-0.0316371408839
0.00850207105313
0.028724009299
0.0342187226527
0.0262888744043
-0.0135113608329
-0.000635894276551
-0.0114949318788
-0.0109437082544
-0.000276008208574
-0.0219382834931
0.00879621489375
0.0519882568006
0.015956593834
0.0550963948172
0.0112736811678
-0.0562704937949
0.0161042816311
0.0257272529187
0.0178838801935
0.013873768905
0.0640800550583
-0.00711068701668
0.0473002849737
0.0232809854811
-0.0197260760887
-0.0117414247184
0.0570721067155
0.028698474005
-0.020751285798
-0.0215628759026
-0.0245658209395
0.0226188418021
0.0623370326587
0.0959525963407
0.0194652264573
0.0237804044671
0.0858714536897
0.0206885540627
-0.0267616168528
0.0799779482337
-0.0328029847731
0.0393209128914
0.0231016582635
-0.0554125619278
0.0481710020216
0.0387640550752
-0.0662699920703
0.0111390942646
0.0330623210715
0.0577820816044
-0.067282475013
0.0370521286475
-0.00148251612117
0.0616616150946
0.0637327036393
-0.0494803367451
0.019277457349
0.0530919705795
0.0188690730966
-0.0330936578253
0.101922237279
-0.0136179338077
-0.0399886619358
-0.030119653977
-0.028031601113
-0.00807750581098
-0.0330038045735
-0.117242236136
0.251820059633
0.0710890211915
-0.0897255823173
0.035993870529
0.0300600308148
-0.0473180858062
4.80217402538e-05
-0.0204108553167
-0.0532688992136
-0.0489615423394
-0.0405943098163
-0.0108115030988
-0.11040519104
-0.132881188898
0.0697924470924
-0.029030776698
0.0326718459743
-0.0316918910249
-0.049869513522
-0.0605477712843
-0.0806050675278
-0.0082853757945
0.0211268005013
0.01168032944
0.0405610867708
-0.00465106126875
0.123404014329
-0.00754300561327
0.0655851547803
-0.0325802725935
0.0317188184683
-0.0586546050106
-0.0100705025267
-0.0260510263513
0.00898295384672
-0.0172292961337
-0.0197609467283
0.0491193750202
-0.0178065162173
0.0339467323333
-0.0595826600234
-0.0142231135596
-0.0190666232663
-0.0425337877711
-0.0270034880137
-0.0165676069738
0.0213716315343
-0.0246897284401
-0.00126117419978
-0.0108324522475
-0.0079746768157
0.0201730343195
0.0107507467398
-0.0313525585834
-0.0039859533707
0.0120078144881
-0.0043042335809
0.0698658090173
0.0847683139257
0.0427343775657
0.00448947113293
-0.0229886271565
-0.0614954886931
-0.00983634881275
-0.0188268843808
-0.0392121890257
0.00267862442118
-0.0132426743806
-0.00121449048082
-0.0189197237598
0.0221167675251
0.0301625597159
0.0222888196423
0.00320870674278
0.00198687752547
0.0254237061777
-0.029646314042
0.0231931913795
-0.0293901762845
0.0225014177197
0.0341134366612
-0.00432167838215
-0.0263638519335
0.0311458525873
0.0275072381513
-0.0976882833
0.0085509801875
-0.0117088748362
-0.00650904393896
0.006537664317
0.020402809288
0.0344388999049
-0.0186739509068
-4.38313472212e-06
0.0158989409435
0.00723234055913
-0.0432556961543
0.0820818827253
-0.060730484601
-0.0071174432829
0.0458228822846
0.000669705874919
0.00748094733575
0.0681488237902
-0.0046630884411
-0.122063837639
0.0154543821273
0.00291276190553
-0.00465680955259
0.00448693736563
0.0213392922355
0.0429171729512
-0.0140250778073
-0.00506559128125
0.0141505938443
-0.0131737356691
-0.0460239178551
0.0380709574687
-0.034419303805
-0.0140611962496
0.0247619978165
-0.002404471199
0.0811240901507
0.0197012577877
-0.0378243992644
-0.0898193293405
0.0223720453445
0.00760038510125
-0.0284924983191
0.0313678354462
-0.005311532759
0.0347965892968
0.0388480492917
0.00768986146825
0.0152898451069
-0.0186716812927
0.00919100498075
0.0057784508395
-0.0231988646917
0.0267517510371
0.00914399060204
-0.0170835949605
0.063985576064
-0.139057860422
-0.0804592819706
0.0310586030207
0.0754178904208
-0.0739992056884
-0.0460941711811
0.0577561206276
0.014878158656
-0.0179720847025
-0.0232914503001
-0.0437065222172
-0.0422147423046
-0.0324037953847
0.0669101641762
-0.0539482443737
0.0114358807812
-0.0163439187818
0.0231247008235
0.0249318594091
0.0739072620211
-0.0553690632273
-0.114110433181
0.216194031947
0.0845281531695
-0.0619393955433
-0.0725044564891
0.0217423147683
-0.0353128466042
0.009210098967
0.0120200926972
-0.024390251914
0.048378520941
0.074717411817
-0.0693927297961
-0.0585844070286
-0.0315842507498
-0.00864074117022
-0.0193371779123
-0.0521819567583
-0.0640939396672
0.21778191401
0.138513526945
0.183585384803
-0.013656450915
-0.141512556885
0.0634417669602
0.0216193264803
0.120506540645
-0.00637914024985
-0.0976941695418
-0.090037452935
-0.0311276206186
-0.0113441342919
-0.0306754596937
-0.0878527069245
-0.0353112689355
0.0605635332075
0.00261739508154
-0.0650667056903
0.0403493619937
0.0115787563813
-0.0792056335271
-0.0688395830925
-0.0249173628268
-0.0379261496849
-0.0102764810592
0.0569240217978
0.0331470374566
0.0299406814758
0.0851329133341
0.102571347012
-0.0440744286199
-0.0072015322088
-0.0605768844588
-0.0441300653304
-0.0378139923404
0.0371345148109
-0.00864618154639
0.0438718534016
-0.0319896327068
-0.162302992565
0.0354711429406
-0.000211108553972
-0.0303764377132
0.016136719409
0.0207885914195
0.0727671476687
0.0269720135965
-0.0260997946681
-0.0492691855643
-0.0694667007431
0.00450259646506
-0.00261795978235
-0.0452982681153
0.0347227204441
0.0503799362737
0.0078824487691
0.0336573499487
0.0140934637075
-0.06064784335
-0.089338491603
0.00578035360025
0.0303113276789
0.0334362698208
0.0139216718073
-0.00159595979388
0.040261971794
0.0254230655806
-0.0257876849258
-0.0418187226215
-0.0243033617583
0.00929049134985
-0.00248452836586
0.002779067218
0.0740838338616
0.0127447443057
-0.0285513509504
0.00157041857584
0.0163654947178
-0.118985440477
0.0015648181141
-0.00883117991325
-0.100912186306
0.0337562004125
0.0414646094895
0.0250161250095
0.00839307742774
0.0480489751513
-0.0408784801079
0.019848300287
-0.017531942538
0.019101024861
-0.00393974242842
0.0333760470252
0.0280633154491
0.0142141711533
-0.0523663570165
-0.0109110096683
-0.0103912749218
-0.0909738837737
-0.0422463082025
-0.0310283932588
-0.177438699389
0.0189400819381
0.0568581078022
0.0272796681335
-0.0330888038511
0.0430096853498
-0.0251561750716
0.0287883995202
-0.0172629850155
0.0293997171124
0.00356912339405
0.037261411897
-0.0150060517385
0.0365966128124
-0.0286332818948
-0.00112816113805
0.00906283802485
0.00116362789625
0.0133324682568
-0.0526170539351
-0.0317889044916
0.00357350467253
0.0362049826247
0.0165767485032
-0.0687920117747
0.0438845849965
0.00838393254413
0.0217141036422
-0.0128209376993
0.0370553659466
0.00417077011384
0.00375263199225
-0.0241610659025
0.0288219906659
0.0313192624737
0.0145429661499
0.0040671026139
0.065917758043
0.0301181749996
-0.0641595683874
0.0390492240096
-0.00244917258578
0.0102218026521
0.0291496272853
-0.115404343836
0.007174784756
0.0382651841105
-0.0192345901083
-0.005581051807
0.0634229738403
0.0336583552876
-0.0144584839333
0.0495221292815
-0.0333754061079
0.0306116802346
0.0221094077992
-0.0345485019423
0.058812992696
-0.0187270970279
-0.00169151210375
0.049288257238
0.007413221116
0.00848446536367
0.0311796109488
-0.0737164142821
0.0038366283135
0.0348623864217
0.0270813793081
0.003990544401
-0.0757323190211
-0.00220385780973
-0.0646031760156
0.0202992387995
-0.0746277458333
-0.0120495352172
0.0198968328988
0.00692159419538
0.0133273440343
-4.40478153499e-05
0.0340093678575
-0.0443358673718
-0.0798239471605
-0.144266439537
0.0129339701813
0.0169577506962
-0.0634438268338
-0.0263984695232
-0.0133486240843
0.0016275141755
-0.0187411675838
-0.0357485698896
0.128041530696
-0.030450498529
-0.0195172536341
-0.0172736305354
0.0292096578094
-0.0214389833534
0.0524119278591
-0.057958755641
0.0275391294322
-0.0262965274698
0.0318650690909
0.0749598244985
-0.0757667468541
-0.0319475478567
-0.0474049571688
-0.00604071033072
-0.113339892757
0.0499103851584
-0.0470516373043
-0.0302362947846
-0.0182614503525
0.0539653089682
-0.0238825404684
0.0244200330009
-0.0131351318557
0.0259694124
-0.0671797696133
0.12176387963
-0.0116834551549
0.0434236101139
-0.0143468592467
-0.033074095083
0.016997136941
0.0297733101097
0.0696268017327
-0.0320184320085
0.00704566753097
-0.0592083820317
0.00285669230602
0.0193051970234
0.0305755412028
-0.054339560646
-0.062014221919
-0.02341194638
0.017164633694
-0.0424683668872
0.0214830355557
-0.0155772692349
-0.0208637282524
-0.0528991614033
0.138765331454
-0.0794902701921
0.0795293542595
-0.0088048233703
-0.0325943241433
-0.03808646634
-0.0141409038085
-0.00946878002175
-0.0488434977947
-0.0559920841127
-0.0287977661277
0.00458189442605
0.041845463182
0.00122087633595
-0.000601290143325
-0.0300041083438
0.0472372791287
-0.0569050561122
0.0179433137596
0.0360755334109
-0.028898874273
0.0226696304365
0.0502913599549
0.00272849316006
-0.01825271182
0.0138637627687
-0.00224703101373
0.0285261225219
-0.0217776507009
-0.034958728711
0.00273017190324
0.003720777686
0.0941021885293
-0.00174057901592
-0.0118033765129
-0.022174426386
0.0387625798771
-0.051203742986
0.0034277149685
-0.0430483996124
-0.0287398196766
-0.00344527753988
0.0362596145457
0.0165204023294
-0.0180254161589
0.0768226474654
0.0081354576402
0.02086268383
-0.0163456595381
-0.034376287772
-0.024651146428
0.0493680178525
0.0383210041467
-0.000327371228124
-0.00744266632532
-0.0078929586615
0.00969899138725
-0.0108920090018
0.0316369969253
-0.0194722117787
-0.00714522118548
-0.00334180067812
0.0123084450916
-0.013618429456
0.00079261290949
0.0449668086388
-0.0286963897402
0.0292436734445
-0.0286055805926
-0.007239541027
-0.0382401043208
0.0231751822116
-0.0137482205358
-0.0080466216759
0.00153223371783
-0.00985573336293
0.0154305234875
-0.00447153371017
0.0281866185361
-0.0174051290178
0.0125529768762
-0.0128560475708
-0.0184040472191
0.0080011982594
0.00236094679024
0.00960258079266
-0.043159953651
-0.0032776917545
-0.0171355067169
0.00621536756955
-0.045763757741
0.00222271594975
0.00381392759324
0.0247238021533
-0.000266305242501
-0.077565676882
-0.00951768441825
0.002760708629
0.0377408587507
-0.0127132835201
0.0490374202
-0.0114656766679
-0.047072130878
0.0633698234068
0.013819788328
-0.0187326934238
-0.0268437845996
-0.0232828948624
0.0109679500623
0.0152793758818
0.0329804671286
0.0104626813558
0.0247771258252
0.016232869809
0.00745731162777
-0.0759026735136
-0.0214529232874
0.0393222613347
0.0422345356058
0.0301285522094
0.0224700829938
0.0183904119457
-0.0512936271231
0.0121392554822
-0.00265465165687
0.0320631883591
0.0140057670615
0.0270700319705
0.0146119812192
0.0348598485764
-0.0231224420454
-0.033482322135
0.00321116426352
-0.049684373331
0.0181142429963
0.0521823552101
-0.058241584892
0.0294955887042
0.023441460798
-0.0188581991753
-0.00111092422802
-0.0547916009358
0.0240788780532
0.025333350057
0.0740548112809
0.00633312993647
-0.0516989384287
0.0762323966128
0.0418483631103
0.0404662019732
0.0702502640721
-0.000236370749247
0.052266383539
-0.0200740747145
0.021760384902
0.0192258647185
-0.0101816475325
-0.0153323794873
0.00587242390233
-0.0367134056389
-0.0797777265227
-0.0336754896118
-0.0197456978123
-0.0158779664185
-0.0596898627341
-0.0155747871727
-0.082250308166
-0.00452381892615
-0.0108758880365
0.0179834478134
-0.0461041499001
0.0704222149218
0.0254434933393
-0.0228858480429
-0.0276842718213
0.0232558652544
-0.0579546934325
0.0157420509285
0.0623778199617
0.0229314203755
-0.00442418980417
-0.0695135197224
-0.0417100764656
0.0932088390899
0.0438999077396
0.077507645597
-0.0332326464506
-0.0531721722555
0.00432449001253
0.018477312099
-0.00684918613373
0.00869740028547
0.0236947575675
0.00675627834215
0.0393288729263
-0.00242099796373
0.0517141298462
-0.0471045621703
-0.0803468498818
-0.0103807356923
0.152845212728
0.0475015565535
0.0167423174877
-0.0673009813925
-0.0699369056228
0.0683564531198
-0.0194663481432
0.0145704983517
0.0222792029642
0.0515738202786
0.0349569543578
-0.0185318796898
-0.027573968438
-0.0229493237646
0.000407761541751
-0.054449484145
0.00665121851175
0.0152770002935
-0.0462807247636
0.0342900789317
-0.0143097995051
-0.0852540406008
0.0243585290553
-0.0297684943602
-0.092232411033
-0.0506186080644
-0.0148065079932
0.0229341840673
-0.007416369504
0.097055581541
-0.0372182918738
-0.0105642715721
-0.00503021617973
-0.0140875297767
0.00941841476115
-0.0543038779646
-0.0016562534055
0.00754453855525
-0.0085016636841
0.000466120560475
-0.0172336119734
-0.111292000995
-0.0290890693547
0.0093762103205
-0.0793631349835
-0.0672238594813
-0.005599396206
0.035614596407
-0.0184819621575
0.0622311521725
-0.0291967962063
0.0166666740309
0.0033289308619
-0.0174649201196
0.0158902143817
-0.0478729390175
0.014131723626
0.0181435188414
0.0107787418932
-0.009414825382
0.0167071290045
-0.0362021753185
-0.0142810208174
-0.000386765472249
-0.0479550878212
-0.0124385849167
0.00832726008048
0.028385582551
-0.010173466603
0.0189447302864
0.00658317980434
0.0384877268751
0.0082425623691
-0.0350745234908
0.0410910154595
-0.0133853502302
0.0246470150522
-0.00172796819928
0.0222029653149
-0.010897745367
0.0193254072779
-0.0602638731498
0.0173372165833
-0.0246375001552
-0.0112886487353
-0.0110761235184
-0.0107939011169
0.0192415677731
-0.00424845918457
-0.0182558200463
0.0234193203385
0.012009267266
0.00401317326553
-0.016504577817
0.0387705763085
-0.0400605532052
0.00283018908992
-0.0179096486415
0.0376926154759
-0.0130379906245
0.00693186435975
-0.0175119709155
-0.0425926073453
-0.00650359487575
0.0173032435968
-0.0334391908888
-0.0605637386375
0.0578150397957
0.0111959163045
-0.0117060553806
0.0145386014243
-0.0123734557575
0.00722926019596
0.0176921759724
-0.0055991369328
-0.118910109983
-0.0278182944275
-0.0292046702003
0.0486351443505
-0.0172110642247
-0.021436047381
-0.0397726646735
-0.00948847034825
0.0385815761335
0.0258333975176
0.0429302638929
-0.0668454963553
-0.0911265147008
0.0281476035383
-0.0206853116095
-0.00205444922375
-0.00939897391725
0.0168184590658
0.0921396159126
0.0226598393743
0.168054915663
-0.0992815688214
-0.0123065584368
0.0125337767803
-0.0459996057362
0.0203526993887
0.0532939446617
0.0250191703365
0.0330317938309
0.0350586847599
0.0068988083312
0.203920981643
-0.0517397137478
0.0022633300123
-0.0115463828967
-0.008712029828
-0.00915935588897
0.0218070391898
0.0774816955057
0.00562572547883
-0.11140356627
0.0827896482888
-0.020129913362
0.0593277802343
0.0179739399369
-0.0454123042398
0.0560172379043
0.016007923771
0.0605287501431
0.0434097620219
-0.0297911767868
-0.044754679667
-0.0253380145923
-0.0651187704305
-0.0614751952587
-0.0384011060298
-0.0173043488713
0.0333643959526
-0.0012142097215
0.0321593833495
-0.0065200144038
0.0134513494683
-0.12338745035
-0.0216226884174
-0.0129839027586
-0.0117273987627
0.0535960357351
0.105683485833
-0.110399864874
0.0974873743315
-0.0371503235167
-0.0187065868605
0.0108395249297
0.0347491102292
0.0690125719576
0.0520781218488
-0.0181070904911
-0.0155380732135
-0.036682227233
0.0343502187372
0.000169770422549
0.0115924908322
0.0691877779272
0.0295107978713
-0.0283466216573
0.0443343285827
0.00183579074944
-0.0207681041429
-0.0451325263252
0.0515283139357
-0.0386890506191
-0.0168998625365
0.018200788289
-0.0333477197798
-0.0483988605689
0.0454809933289
0.00951007294055
0.0439778635483
0.0261218716025
0.010448924713
0.0577686335893
0.0365321521725
-0.0430313631189
0.0151967707835
0.0253517229154
-0.0280861991995
-0.00672013707074
-0.0064635721565
-0.0411594177932
0.0188849822823
-0.0157211752828
0.00317656299
-0.0131120230528
-0.0010902717311
-0.00935104472002
-0.0205001448796
0.0163027313942
-0.00534239592997
0.000403301331274
-0.039032151174
0.0262955525745
0.0270030937742
0.01239058031
-0.0288053905869
0.0215357730868
-0.0019812059805
-0.0495665891244
0.019147528896
0.011505080561
-0.0245449638613
-0.0119389793741
0.0213114532034
-0.018506685342
-0.0110287943537
0.0146098690319
0.00815827631614
0.0255387108408
-0.0517957683199
0.00060731739265
-0.0136562198866
0.00536643980695
0.00454090429305
-0.0148131263005
-0.0414812678021
0.0226230791164
-0.0157184148452
-0.0805618993683
0.0215326638066
0.0934793495522
-0.00205851486278
-0.000716948296649
0.0326298144598
-0.0286375603013
-0.0143512482515
0.020223426407
0.0247803326069
0.00716375293772
-0.0584965645885
0.00802346624767
-0.0240408017072
-0.0155065229744
-0.0190716378512
-0.00791462923993
-0.028972336416
0.0158043251823
-0.0116428141749
-0.0761706045125
0.0078073835807
0.103953234386
-0.0139162382804
0.0580889658127
0.0192077694521
-0.056182803242
4.54413504247e-05
0.005398146093
0.00206567716889
0.00803956988903
-0.0290920963595
0.0222201138992
-0.0145892243905
-0.0113503612299
-0.0253494146229
-0.0302344541405
0.0205053826165
0.0155848183909
-0.0339589152634
-0.0494925240578
0.00420985895973
0.0704580703615
-0.058700683545
0.0661615758402
-0.0372323969578
-0.0391420701985
0.00719172165988
0.015799609475
-0.0041012032005
0.0287541457177
-0.0250354654406
0.034661568633
-0.0108363366667
0.0190721177438
-0.00135262430908
0.0231714648393
0.013064334299
-0.0069541633369
-0.0374246475097
-0.0155012218448
-0.0147536479924
0.0194224049013
-0.0314633948585
-0.0802181609797
-0.0590267023453
0.0328541288738
-0.00514710154037
0.0082155279652
0.0474444342748
0.031214062386
-0.0436726222151
0.0146231392948
0.0167554810062
0.0148159790417
-0.00578539775225
0.089768169449
0.0316779478718
0.0102416712168
0.0992451897869
0.0168067314635
0.0165233068959
-0.0118340926323
0.0171930183284
-0.223517177108
0.174648237215
0.0821730619319
0.0142691803031
-0.0619184105295
-0.03124211561
-0.0570479251809
0.00325969426552
-0.0276029067397
0.0317459648668
0.0581507796851
-0.0593624840281
0.034149422647
-0.0216918448703
0.0250592995213
0.0367459825759
-0.0553547480206
-0.11315609092
-0.0239083545762
-0.027593346386
0.00462818949315
0.0364373685884
0.0217069344826
0.0819646067207
0.0129076159823
-0.0240926085337
-0.0350478881598
0.032020273414
0.0855881584316
0.174335758527
0.0343444923208
-0.0423191678679
-0.0603618527108
0.010742260792
0.0394576649841
-0.0202793657234
0.0257694354505
-0.0665887658659
0.00419209550926
0.00524952071965
-0.0526217684331
0.0788399795096
0.0040817541679
-0.0289508270785
0.00531055342265
-0.0570890242863
-0.00261980481479
-0.018908182195
-0.0450208383385
0.00911302053185
-0.0849857864985
0.0689546665227
0.00470711556982
-0.0338536705568
-0.00292699564581
-0.055792291806
-0.00869574879778
0.0119616249864
0.0929449447423
-0.0499919402081
-0.0331427016438
-0.0263334337324
0.0246968882385
0.00914425375795
0.016711876046
-0.00037950974325
-0.048271713927
0.0143003597415
0.00029938802275
0.0401474574009
0.0169579439182
0.0190221725245
-0.0683916139204
0.0244715405713
0.0583070911542
-0.0637341476398
-0.0071325814345
0.0428037729649
-0.00510723916823
0.00830628163314
-0.0641049677095
-0.019095584615
-0.0155115350855
0.0154645789516
0.000755100720001
0.0221405599799
-0.035628789438
-0.00505327705195
-0.0112879520025
0.0253193686624
0.0390805993672
0.0177966721687
-0.0350732698791
0.0189879500183
0.0462982183922
-0.0454322331475
-0.007441673298
0.021222808551
-0.0654173810419
-0.0386581588728
-0.0854566856451
-0.014511813519
-0.0119781036788
0.0102713755929
0.014533987267
0.0232269842171
-0.0349577654745
-0.0124138554034
0.005120135739
-0.0240000889405
0.0603565243972
0.0191698403701
-0.00448962438865
-0.00269783835235
0.0166426235421
-0.0244602469395
0.011292498253
-0.0296257013765
-0.0480234127118
-0.0313979020667
-0.081214946507
-0.00169939344472
-0.00841324878952
0.00162966056972
0.012089066792
-0.00149151907577
-0.0113934024148
-0.0040600668662
0.00316443960125
-0.069319132734
0.0477447816059
-0.0158535420577
0.00134552556245
0.00690926765174
0.00243565734338
-0.00192310995392
0.0124936531896
-0.0447766935039
-0.00652753480855
-0.0216945856746
-0.0442635731848
0.0130638357097
-0.0100024926567
0.00735169626423
0.00238905830125
0.00366001370138
0.00269720321138
0.00359096246692
-0.00751568282335
-0.0862915411184
0.0229939889157
-0.0474181608184
-0.0346578232676
0.0802617904681
-0.0181725021065
0.0160154419258
-0.020880906322
-0.037213355034
0.0160826810394
0.0110139168264
0.0332958930702
0.0317480086812
-0.0226275113007
0.0154891813994
-0.0198006712527
-0.00647470069677
0.0289290642035
0.00638532581793
-0.00611076363925
-0.0823007726645
-0.0245190334296
-0.0076310653728
-0.0069567445518
0.0467311618655
-0.0100591406633
0.00855082895107
-0.0097803278028
0.0165347538897
-0.0348990187232
0.0454955942247
0.0225134139147
0.08696091182
-0.0201426048397
-0.0047784420264
-0.0645190013573
0.0234695948496
-0.0116729566313
0.00880794001277
0.0245584621395
-0.0169016833182
-0.000426794240852
0.001936434299
0.0131838937555
-0.0368738346238
-0.0247816468975
-0.0139686350866
-0.013255196733
0.0248377718339
0.0859614685476
-0.0267641817638
0.0615446436112
-0.0917541325866
0.028099987699
0.0431340482763
0.017890842438
-0.0349223157326
-0.0213759945567
-0.0292508043365
0.00141144372476
0.0230710175895
-0.0577297932197
0.0922745403316
0.0607775247127
-0.166865265775
-0.045847899277
0.115321311634
0.0392116185758
-0.0037064326656
-0.0454613344905
0.0474205397481
-0.138648119858
-0.0516900420663
-0.0661287948108
0.0493970589905
-0.037619217454
0.015128933523
0.034981671124
0.0300595236313
-0.0070613824008
-0.0125707757473
-0.020310187146
0.0147242471953
0.0861239572077
0.0456675432502
0.0532753527287
0.0055982524418
-0.0724492373801
0.120850109792
-0.043266737176
0.0756278468192
-0.0213558722411
-0.0680980799886
-0.0224364981888
-0.0127692286088
0.0499527901907
-0.0217759436565
-0.000652401286848
-0.0627589808619
0.10267391418
0.0523285180357
-0.014536446574
-0.0568179032065
0.0180494511058
-0.0250358516358
0.0305254252032
0.0103856101154
0.0401148689993
-0.0677175901601
0.0920285210065
0.0625501945159
0.0639061265328
0.0128507828017
-0.0193875981164
-0.00618374963325
0.0186043536215
0.00166172291809
0.0459565564439
-0.00539024742975
-0.0320347082783
0.00732599660182
0.003923174281
-0.0109230215472
0.00385392597694
0.0270011457905
0.0119867878405
-0.0498104968392
0.068922174352
-0.0317215361098
-0.00119874482352
0.0217359856832
0.0119440732575
-0.00306412769245
0.000862331508727
-0.00214920721625
-0.0227773337237
0.0074908178603
0.0512215769943
0.0415958958473
-0.0238452256604
-0.0332273292703
-0.0123762693627
0.010283489795
0.0181214755916
0.00397395418588
-0.00249203302775
-0.0294190909548
0.013478482274
-0.00213780597975
0.0499295601898
-0.0218883703597
0.0239535309961
0.00378622471199
0.0262610703565
0.0253913075239
-0.00989675381803
-0.0059125483696
0.0421644987234
0.0223257369329
-0.010234679638
-0.00281573201518
-0.00673057095765
-0.0541879889041
0.0310377149495
-0.0024104373018
-0.0082599786165
-0.0448039748948
-0.0433480410187
0.0079105086345
0.0180202393
-0.0170401294521
0.0344353435635
-0.00540267746693
0.0332007760025
0.0236644999671
-0.005117342483
0.00742840648552
0.0339622310091
-0.0243641069965
-0.0010114901915
-0.00393470604374
0.0302243938344
-0.0171593641977
0.033882130485
-0.0206926594936
0.0152450260428
-0.027546505755
-0.0331791612079
0.000721702726675
0.0194820965889
-0.0159138268002
0.00474202404913
0.00787805605387
0.033141670755
0.0104784825146
-0.00685760349548
0.0302620357175
0.00698241352723
-0.018983749486
-0.0080209947725
-0.0344449008745
0.0332619042329
-0.0246541591864
0.0193509994294
0.0065531327209
-0.0104522778231
-0.0180629767035
0.00991458733203
-0.0117631355763
0.0174099967793
-0.01972932704
-0.00136226359425
0.0013416515445
-0.00064806147825
-0.0170382238823
-0.0148601459067
0.00821288785725
0.0162757342369
0.0480891318858
-0.00518140916675
-0.00252976437475
0.0608863128403
-0.0165669867667
-0.0208986341864
-0.0343741031876
0.0312499407719
-0.0155828126375
0.0176161542117
-0.00499084571145
-0.0619081074043
0.0139611462395
-0.048162993866
0.0463892117657
-0.046302539121
0.056333667474
0.0088590452946
0.002583452502
-0.0574806458842
-0.00554475391998
-0.00706001628325
0.0816394214132
-0.0180533968891
0.00578524907849
0.0249720076185
0.0619294215144
-0.0166783015202
0.00472061327895
-0.0496992597177
-0.0276914291326
-0.023384700398
-0.03295493584
0.0170976743258
-0.0218358554802
0.0191546257168
-0.0457207387873
0.0450402368284
-0.0045312172315
-0.0558595186625
-0.00224871814205
0.000377158782266
-0.005511030082
-0.054476239429
0.074096322499
-0.02275349228
-0.0731043363833
0.0019171560339
0.0899776998351
0.0187670274954
0.00582795413218
-0.0483430375751
0.0213783562403
0.26238713992
-0.0316035208884
-0.0695688498278
-0.0483502103692
-0.0305043818755
0.0130965172464
0.0204391798909
-0.048913751843
-0.155737263646
0.0456201606947
0.0247234455851
-0.0158072519589
0.00270547989025
0.0160825299509
-0.0666179791774
0.0811591738511
0.0238826012882
0.154392645523
0.0140370273997
-0.0643469299645
-0.141393980034
-0.0098395361717
0.033092078326
0.0215972055953
-0.00406028135225
-0.0193197823268
-0.0285773472083
0.0134687082745
0.075143274174
0.0087094436142
-0.0577752773038
0.047165718848
0.0486601558663
-0.117614345814
0.0166573320508
-0.0172110406359
0.0290663630186
-0.102644531599
0.065194608852
-0.049397470796
0.0140188311132
0.00566423110925
0.0236926974632
-0.0886673087445
-0.031439633745
0.0278581818687
0.0120930581141
0.00786767643217
0.0673201315333
-0.0217029176907
-0.0460146833898
0.0516416436596
-0.0219747362245
-0.0284926681913
-0.0406621252678
-0.0340071988176
-0.0545759050562
-0.026119901634
-0.00390456642075
-0.00476675561606
0.069187479649
0.0173034807425
0.0042469495269
-0.0150954853769
-0.00258328549955
0.0306349530815
0.0212834318346
0.041256175947
-0.0128327312423
-0.0629654966182
-0.0336311509181
0.0084353001981
-0.00943886365048
0.0079346873914
-0.0311353653937
-0.0337435309698
-0.0131401616724
0.0140677200073
-0.0938729484332
0.020269915491
0.0760710114659
-0.000945073440184
-0.0232029341861
0.0227156343709
0.00716763423058
0.0369764672265
0.0120157532032
0.0470889184117
-0.0471404329443
-0.093513358254
-0.00465873063996
-0.0130982618686
-0.00091243425325
0.0141150091013
-0.000367262292696
-0.0412896912333
0.0518244454598
0.0228211259167
-0.13303043833
0.0805112690898
0.120171974793
-0.0373311431005
-0.00294284437195
0.0113660961257
0.000225221828875
0.0230004410517
0.00432961744983
0.0172126703591
-0.012634129934
-0.0818736591721
0.00668195678045
0.0056774858476
-0.00132372802717
0.00326218579078
0.0103634139379
-0.0187947597125
0.0401189796243
0.0201840337687
-0.097295213094
0.07766881331
0.072680089295
-0.0484789972315
0.028580580979
-0.000909810653324
-0.00867693834618
-0.0316880404828
-0.0305542030349
0.0137674568615
-0.006900486867
-0.011924130267
-0.0108420581434
0.0374964100005
0.00226338268623
0.0042982239943
0.00942871285425
0.0144646287891
-0.0211294284121
0.0217147316411
0.0049548106055
0.0175281625569
0.00338849590225
-0.0107972506982
-0.0024324206397
0.0457025341995
-0.0254066889245
-0.0401608979895
-0.0153932228213
-0.015034326022
-0.037245987766
0.0222858532907
-0.023666368197
-0.0041077758767
-0.00370167044797
-0.00981818283905
0.0149075232278
0.0352929820585
-0.0788727291181
0.0128732818377
0.0440285413617
-0.0464918268715
-0.0337815109207
0.067351069313
0.0522100728522
0.0206736145635
-0.0643926572946
0.004847697003
0.181499376082
0.00854894260097
-0.0786630775952
-0.0183877312311
-0.0286061692544
-0.0442308192913
0.0417963963501
-0.053883688366
-0.0128948012795
-0.0320567385188
-0.0102805984422
-0.0192023746118
0.0556863070831
-0.0538745865988
-0.0605092755377
-0.0325223172449
-0.0269870547743
-0.0669591084783
0.155558383363
0.125621785283
-0.111986993881
0.011923349413
0.0525515686119
0.0656116979211
0.143430357524
0.0407874969442
-0.0208187040976
0.0580688086794
0.01290012636
0.00987827920958
-0.0237301806652
0.0243740462498
-0.0112758460352
-0.0625639875501
-0.0370895298699
0.0442330415467
0.0122305959203
-0.0236240057827
-0.0295274673883
0.0305366251244
-0.0178275419867
-0.0151707146523
0.0045883927337
-0.0725765269148
-0.00606715248895
0.0785157632518
-0.0759610176984
-0.000979123504501
0.0528218439105
-0.0197008620135
0.0338394277089
-0.0163668668502
-0.00394833936508
0.0578661976724
0.0845688052161
0.0221194974397
-0.0860872041777
0.0636172285612
0.0301191056198
-0.0128720142088
0.071365686485
-0.0356856591386
0.0806694671201
-0.0724130660495
-0.00118797121267
0.0294377431012
0.029236747117
0.014535799786
-0.031887663554
0.00186848007827
-0.0150022983607
-0.0148063610832
-0.0388319941881
0.113076686798
0.0928099850939
0.0284425514663
-0.030854427551
-0.0385230254843
-0.0403534067951
0.0189694166377
-0.0104909335315
0.0042860547336
-0.064427815026
0.0735541770945
-0.0948538780631
-0.0313349435799
0.00616611511985
0.0221610392605
-0.0255736083138
-0.00583464257853
0.0397069245028
-0.034335738176
0.031906404693
-0.0987893060172
0.0450002391602
-0.00130944382925
-0.00038289628755
-0.0237667102981
-0.0231554000894
-0.00647681044985
-0.000592561794801
-0.0088171096206
-0.00969507463975
0.0671379211292
-0.0970715822489
-0.0730255166369
0.0570197477447
-0.0125004346978
-0.0185135941053
0.0138383150346
0.039763921475
-0.0316094460288
0.0170351394429
-0.093004990768
0.0171616911933
-0.0020336797937
0.0189352494294
-0.00471267941406
0.0139309604937
-0.021105509245
-0.0255520187744
0.00332829393308
0.018924011165
0.0341346431834
-0.0619649057576
-0.0658602699878
0.0429074723508
0.0218476169994
0.0005338380327
0.0342010210423
0.0157137414202
-0.00255379051475
-0.0262456051841
-0.0584766895188
-0.0295094709335
-0.0110067969129
-0.00278505775143
-0.0141766688972
0.0172697369932
-0.0203894018631
-0.0193611559358
0.00745746711693
0.0188179546487
0.0105699719317
0.009654535873
-0.0484694144236
0.0260890995834
0.0290266190575
0.0293766632596
-0.0280900611056
-0.0302435407582
0.00713266597217
-0.0484572559839
-0.0728121980515
0.00134485278645
-0.021449686203
-0.0164141047558
0.0386296180158
0.0341715000746
-0.0236314606522
0.003519381776
0.000720085773
0.0318828105928
-0.0130993442047
0.0504526159415
-0.0188214373513
0.021075152741
0.00257301912925
0.0322165656951
-0.0395414831531
0.0120881487942
0.0217474050571
-0.0175251217485
-0.108216332747
0.0555764553767
-0.0322783252221
0.0183862689458
0.062014342628
0.0255318229748
0.0313683463155
-0.004317124868
-0.0358684591461
0.057307813176
0.00429961414276
-0.0153215575605
-0.0315338651718
0.0105713370766
-0.008445749665
0.0219812627602
-0.00244871896384
0.0286937644569
0.0258810087542
0.0165418470404
-0.0134862748367
-0.016696970201
-0.0150562097269
-0.00524859109552
-0.0802270656642
-0.00655524001128
0.0480186011428
-0.0388325783298
0.0332193772188
-0.00482026307345
-0.00185750251835
0.0484579287345
-0.007176966827
0.0665816729582
-0.0274576978385
0.0099957321005
0.0534965074373
-0.0206398635553
0.0586872282645
0.00381736329336
0.116443357714
-0.0408504654962
0.0705143755773
0.0258035092656
0.0246099659877
-0.134479950986
-0.0415362258615
-0.001174943214
-0.098059606431
0.00585628989056
0.0065625982862
-0.0370631746563
-0.0811867873882
-0.0426528445311
0.005692848504
0.0198595018484
-0.0397525239647
0.0371185237893
0.00575985557425
0.0892371969599
0.106031263751
-0.00215340086604
0.00675500600157
0.0901961052447
0.0641446003157
0.0326043181353
-0.0821958449207
-0.0662999837446
0.0175761608784
-0.0122669184663
-0.075727648712
0.0628526987318
0.005762777556
0.117167561068
0.0824838406188
-0.06852839224
-0.0606099509386
0.0428107377242
-0.0347612222129
0.012651154216
0.0861686175102
-0.150741241887
-0.0108460686536
0.0157178402048
0.0140082298357
-0.0271583882024
0.0206423558032
0.0256937916131
-0.0582202062467
-0.0224169030853
0.0258144917855
0.0071717354175
-0.0068402205875
-0.0602260085634
0.00910498566028
0.00971858622225
0.0442304163137
-0.0148904014643
0.0305826135023
-0.0397712686695
0.0282629259628
-0.0660120777191
0.00121225325005
-0.0162298853832
0.0088200859966
-0.0309142600234
0.00476661999807
0.0309282054597
-0.0346225105105
-0.0272941375933
-0.0547501859014
0.0484203650029
0.00834189589475
-0.0483646049658
0.000707394356822
0.0309253335025
-0.0275521633103
0.00956433921958
0.0561096590213
-0.0339028262248
0.0637570723567
-0.0732694637768
0.004056748223
-0.0110338650927
7.79517084759e-05
-0.00601985633822
0.0574237635683
0.00665160245524
-0.0166679844207
-0.021408830023
0.00371465255078
0.055299929907
-0.0262585196382
-0.0353434819607
0.00504474853359
0.0218000919353
-0.0192232322105
-0.00515262966137
-0.00928974616075
-0.0129938277655
0.0187860097955
-0.0082973668695
-0.00816659773575
-0.0208615748617
-0.00815786292397
0.0319632409423
0.000246718056075
-0.0053014465136
-0.0077304386913
-0.0170615719788
0.0195484443245
0.042380416882
-0.0475375716927
-0.0105047512669
0.03393700517
0.0190635440386
-0.0135474740053
0.002757681688
-0.0395297245125
0.00997627493363
0.0084669081276
0.0112697220536
-0.0069218918303
-0.00240390576603
-0.0186625959833
0.038195991444
0.0424722204057
-0.0058546697802
0.0125507343441
-0.0250174717582
0.055065335541
0.021368725658
-0.051107701601
0.0022123457456
-0.0128944777799
0.0134975857655
-0.00564159377375
0.0380022071134
-0.00698991348975
0.0394334377423
-0.0822086323634
0.0292332608575
-0.00920230559585
0.0193159122152
-0.0256980233927
0.0232220916649
0.0259612890962
0.005598116054
0.0365097384741
-0.0108183613169
0.0238723082873
-0.0117809472645
-0.0465582010608
-0.0353990191193
-0.0298689090965
0.00596574864657
-0.00776468348855
-0.0106017620327
0.038445887731
0.0417942564484
-0.0401500897539
0.022151330601
-0.0167081524625
0.000429375526209
-0.040661121691
0.00343977977377
0.00722720732018
0.0279195672283
0.0377049371529
0.000711956194757
-0.0186569975449
-0.00101659673795
-0.019806153043
-0.0268023595714
-0.0314948219375
0.0393769344503
0.0176678632897
-0.0239912905302
0.0308963885254
0.0183137749246
0.0533951942256
0.0245860869255
0.0117500488937
-0.0253318359246
-0.00189340355285
-0.0110909187113
-0.0525801526678
0.00919110387375
0.010865339957
0.0214028639233
0.0251672101
0.00602049039867
0.00570175077725
0.0911930955311
0.00883888386038
-0.0094455097405
-0.0270601253214
-0.0242868207435
-0.0665055024779
0.0079794309357
-0.00186880699896
0.0422297085881
0.0540637127283
-0.0600914326063
-0.0405529677627
-0.0339230816698
0.0528020091052
0.0470091534613
0.0612216357706
0.0192172979042
-0.0616324216891
0.003342630331
-0.0512343801548
-0.107221714631
0.04721226104
-0.0149688017289
0.0120092172777
-0.0525598479957
0.0520651233467
0.0535321944799
-0.10813452629
0.01049503809
-0.00660317397275
-0.147591835994
0.0144496347051
-0.0163247514417
0.00566262948642
0.0433782843055
0.0363850131701
0.0155141239098
0.0153457867274
-0.0174450235192
0.0451200160242
0.139942216244
-0.0520292725131
0.014227670199
0.0131293526893
0.0124657533043
0.0030818838735
-0.0542888461782
-0.157192550001
-0.0274123008872
0.003718526326
0.117913862088
-0.0221213251376
0.0024403942365
-0.00191967412515
-0.0146847818643
0.0132544367835
-0.0374457899541
0.0034300151876
0.017987476844
-0.00982538241225
-0.0671149573686
0.0484241634907
0.0088771230083
-0.0460294950115
0.0294824016258
0.0491248962243
-0.0240365362845
0.010185263173
0.082510046669
-0.0184570088668
0.120876387578
0.0218444243013
0.0386498206756
-0.00183455119245
-0.016969823157
0.0414268981496
0.0274835474517
0.011429903664
-0.0465527400788
0.023958930093
-0.0196350058123
-0.0235712662228
0.0467206649482
-0.04683186438
0.0013218019425
0.00322797535095
0.0188623623314
0.0875137143098
0.0777194725025
0.0417735188695
0.036093541104
-0.015462700618
0.0290720000231
-0.0151098066404
-0.0049776699536
0.0300916296706
-0.014303809534
0.00745153557778
-0.0295282923627
-0.00410769757075
0.0109748552427
0.0092165721298
0.0307291142902
-0.0471761157536
0.0111214270551
0.0261217604185
-0.0204986336212
0.0431574351948
0.0669752994306
0.0475704704472
-0.0072835005591
0.0247957595107
0.0092631724269
0.0110371918632
0.009289188599
-0.0131437981987
-0.0128147652081
0.0075160779735
-0.0412315612119
0.0155677414718
0.00762888244397
0.00734290185777
0.0166600107622
-0.0331520820757
0.0145513847436
0.00478337286625
-0.0103128111145
0.0092328064031
0.0290480786668
0.0353152172162
-0.0280200177836
0.0235100433828
0.0363048503139
0.0184784705535
0.0146995293552
-0.0608903626023
0.0408411616948
0.0123626966891
-0.00583388052585
-0.0013149463455
0.0106835405715
0.0160469443923
0.013150493306
-0.0131945964527
-0.0091136053765
-0.0269521938745
-0.00633452923775
0.00345510003725
-0.0863287903963
0.0468654256511
0.033472494344
0.00666692981728
0.0416412552987
0.0270258545758
0.00411993454643
-0.0739502546228
0.0570574993207
0.00861964789513
0.010777020743
-0.0586540553744
0.00702767208625
0.00409176717202
0.0250942723018
0.0457755966272
-0.0200838086543
-0.0193984942713
-0.0103521628343
-0.0476169979893
-0.0220010064176
-0.0330152260232
0.0362492910205
-0.0166043696521
-0.0214753895459
-0.000239089328977
-0.00791460159205
-0.0677101729382
0.0242227477252
0.013948627398
0.0314288941017
-0.0553298782182
-0.0188783737612
-0.007437427035
0.00673313857887
0.0721016009347
-0.0302990351032
-0.014747053137
-0.032832355343
-0.0317778982047
0.209820266009
-0.0303624315869
-0.0435088176036
-0.0682693842842
-0.079094358919
-0.0909322277891
0.0346232919959
-0.0759087281633
0.0719076561755
-0.0952711154146
0.0261249256533
0.0651878304825
-0.0562505143918
0.0322846510042
-0.0415943941007
0.0482837798337
0.0268655447323
0.0081218512565
-0.0399672458665
0.00707374657425
-0.188397961787
-0.0420556575255
0.0145764522443
-0.0200324667988
-0.0119480341239
0.00750593062078
-0.00666497337327
-0.0155275524461
0.015484881197
-0.00907184353707
0.039267125899
-0.0539902406715
0.0246518503638
-0.0217952213977
-0.0066851622925
0.0454202884155
-0.101318626676
0.0271294802552
-0.003737216299
-0.00190523706075
0.0555908631772
0.143886872556
0.141705864489
-0.0853124222158
0.0595571490078
-0.0309105730355
-0.0855575616318
-0.0297873485912
-0.047983866114
0.00218192383123
-0.0318887914053
0.0655031043529
-0.0113618865375
-0.0226313301447
-0.0386300460403
0.0204230208114
-0.0685285538847
-0.020767184513
-0.005520009347
0.0529892069742
0.116259755636
-0.0293725381649
-0.0739324883614
0.0665984791005
-0.0267082113897
0.0105415833425
0.0462403630732
-0.0395499970565
0.0663266121048
-0.042705819211
0.0886087839465
0.0551202192805
0.0105021467778
0.00682429584438
0.0661363461756
-0.0508106932532
0.0642299923331
0.0686422770718
0.0295059838333
0.0197920642692
0.0695592844541
-0.0667202702118
-0.0513016410862
0.112688410991
0.0176288580677
-0.0232613161157
0.012407912399
0.011307439281
0.00026318345755
0.019882525773
-0.0118049705099
-0.0294584613772
0.0770564355932
0.0260499563596
-0.000647123120818
-0.0269936461466
0.011664011558
-0.0337005165489
-0.00863797057393
-0.0139117052952
0.0208035942632
-0.0140620624397
0.0411801035527
-0.0545261109115
0.0103616396053
-0.0313959117995
0.026848225521
0.0202195497484
-0.00189224110464
0.0300761563046
-0.00701295738883
-0.0287280293344
0.0231459903274
0.00511798910902
0.00755280013245
-0.0112539732196
0.0281381464884
0.0277115573105
0.00647266366125
0.023488393959
-0.00729052669998
0.0371174269818
0.0280886392912
-0.00305295098795
0.003728229165
-0.0108095344321
0.016850751302
-0.0151476244165
-0.0132015183023
-0.021762445146
-0.0276136711386
-0.01611231428
0.00558991018725
-0.0329430531092
0.0128838299011
-0.0048688464698
0.0497798272997
0.0274430490411
-0.00363427137
0.0332352275315
-0.0132983540175
0.0578060331898
-0.0155067431805
0.0143967409984
-0.0385120907522
0.021639447899
0.0200690980973
-0.0212103214674
-0.0298273727249
-0.0371260843402
-0.022293842019
-0.0330522660312
0.020146706373
0.0093724956208
0.0077358249125
0.0426087767469
0.02835332093
-0.0118140978844
-0.023947072581
0.0300459392047
-0.0125187578299
0.0176442558633
-0.0112697922673
0.0420402457243
-0.0479979685614
0.0328897344938
0.0157256171994
0.00598422808755
-0.0189788305302
-0.00678130005682
0.0163183074782
-0.0376202542671
0.019564707254
0.0211517097827
0.00758206075513
0.127404821288
-0.0289159265817
0.0124195792237
-0.037637936626
0.0166077583927
-0.0709069000373
-0.038674915293
0.0136262311949
-0.025909544864
-0.0124630161297
0.036570274476
0.0280508474336
0.00826796873
-0.0408262633173
0.0128510019261
-0.0393158545694
-0.0283430920685
-0.0180852062863
0.0366231130025
0.0346986271961
0.0564212404244
-0.070172666138
-0.0165896293602
-0.00500879441075
-0.013828229952
-0.0852087020618
0.00589688728968
0.0507094563155
-0.0322204146087
-0.0219160082352
-0.00034811533695
-0.011171550926
0.000812164099502
0.0553221805729
-0.0379082454082
0.0675998953965
-0.0421558795387
0.0125452169368
-0.0153012215806
0.0263074988954
-0.054162508989
0.00500091519575
-0.0475660487413
-0.00333432032575
-0.0135486110846
0.0257779244575
-0.00299966770097
-0.0038585936455
-0.0346678617613
0.0640212928325
-0.0333091496048
0.0325139160765
-0.0126803526135
-0.0618450001384
-0.0712623496664
-0.0314894075276
-0.0177271424179
-0.0427106752813
-0.0775183948827
-0.0498580258514
-0.112009821604
-0.03098578114
0.0348289378601
-0.0339471933733
-0.00869457116483
0.0280676909741
0.0384528443499
-0.0759422807911
-0.0574466192804
-0.0248241313235
-0.00950157680077
0.128335474168
-0.0587967096167
0.0323114253543
0.0417772205534
0.0104159513633
-0.0549820949102
0.0979148806225
0.0099626450394
-0.0951031827587
0.00131780392028
-0.0327876959636
0.044929877555
-0.100882564742
-0.0220528858828
-0.00813066797202
-0.0592377884156
0.0862518722311
-0.0182615616223
0.00402609924158
0.0572618886991
-0.168371010252
-0.0739086104035
0.046709774324
-0.00300792528473
0.000726932322225
0.00614077383775
-0.00391804015763
-0.0076727327923
0.0364330246603
-0.0524195744601
0.02938062463
0.00984083121628
0.0541247569157
0.017400530385
-0.00211445744975
-0.0185989149978
-0.0208657505252
-0.0257387589988
-0.0178520058045
0.031626352766
-0.0561577134026
0.0362065300293
0.0119086502782
0.0281905099314
-0.0408917993428
0.011568556345
0.0121984935029
0.063393318872
-0.0502664195404
-0.0282378644628
0.0796139370381
-0.00675151393375
0.0009545172783
0.0145116810445
0.0177625548085
-0.032252952482
-0.0021320171137
0.0091901262396
-0.0267839391171
0.0433328212114
0.0252727965997
0.0541975274715
-0.0164762716709
-0.00263910018174
0.0225141613444
0.00292110413689
0.00511099604078
0.0591559952936
-0.00625525179887
-0.015503612563
0.0498253030667
0.024864055189
0.0488346391361
0.0290830772625
0.0370270797675
-0.0371605925357
0.0139832294718
0.0370929659912
-0.0425041246642
0.0519784951947
0.0108550654798
0.0354389598426
-0.0293684773976
-0.0234205387437
0.0136841177332
0.047922076662
0.00792091971997
0.0331096070238
-0.0453183133737
-0.00207820693775
0.011517989936
0.0521513540816
0.0371893824373
0.021971987009
0.01531194558
0.000542674495049
-0.00801500515137
0.0370734110605
-0.0413794725831
0.0199871683786
-0.0251267076603
0.0479557212857
-0.0192145929751
-0.0285274019509
-0.007549017454
0.0697553571104
-0.0255562821914
-0.0414146622784
-0.0455204269315
0.0027158241695
-0.00821346820296
-0.0196792510236
0.0115853386362
0.00970270597975
-0.0325025221115
0.0198501529304
-0.0256531547721
0.04480740861
-0.00770122259852
-0.0229583070953
-0.0387318865572
0.00201064215915
-0.00731771016787
-0.0194322402803
0.00907710091305
0.0452018532122
-0.0133234001295
-0.085586427996
-0.0554709077397
0.015264556777
-0.0234048651103
-0.0638570513993
0.000955226327056
-0.00181677645396
0.0015039678449
0.00428960908303
-0.0237234731794
0.0378767419361
0.0232033274588
-0.0397575406012
-0.069118339097
-0.029331018559
-0.0115646120897
-0.0491607754028
-0.0011225765356
-0.0246127705335
-0.000132347222001
-0.0459161346625
-0.00993990380325
-0.0128716403372
0.0007194149898
0.0194717126376
-0.0606120180046
-0.0334118026885
0.0255622800032
0.0127502238431
-0.0807904765718
0.035989301961
0.0593000594692
-0.0347244873788
0.0195382884503
0.0509308528516
0.00328043054212
0.0431809724452
0.147862163567
-0.0593530417264
0.0152000299106
0.0315144402422
-0.0477952525955
-0.0935914348757
0.0264473858904
-0.009765627211
-0.0647984352182
-0.0435060923397
-0.0889182693379
-0.0397989855258
-0.0593788613589
-0.050596302036
0.0236522317418
0.0426956583856
-0.0472384739543
-0.0447823494378
0.140299963729
-0.0289349604957
-0.089195855813
0.023143255783
0.00344378817185
0.0112097195603
0.0576980525349
0.119195972543
-0.0895317202553
-0.0345381682053
-0.0255202481146
-0.0364929154544
-0.0670021571348
0.00185247716787
-0.00583140360053
0.0216547885818
0.0885239471291
0.0210483908353
-0.00886961952261
0.0264303638501
-0.02109084031
0.0238293689271
-0.0306818804047
-0.00331178988282
0.105489421581
-0.00262798934
0.00682517465247
0.016301728327
-0.00344856280475
-0.105843775816
0.0595304565662
-0.0598675907564
0.033536620342
-0.00663160136162
0.114083668896
0.0965110528645
0.0036016589015
-0.0158455954277
0.0432895614958
-0.007252922834
0.00818007088915
-0.0470462898476
0.0722002904603
0.110688676918
-0.0498444043504
0.0110779675588
-0.00067191174752
0.0340761549895
-0.0216955496577
0.046241096212
-0.0341774872583
0.00609425235585
0.0728443654088
-0.05634438472
-0.0335942242194
0.0503862459251
0.00646160930275
0.0438971100948
0.00719053719678
0.00316656662035
0.0290459581484
-0.0230486738114
0.00365555320825
0.0521343062436
0.00226721125955
0.00672397571057
0.0219573090158
0.0371654324728
0.0129683497685
0.0114152889312
0.0166888400227
0.0548510083792
0.0240180750057
-0.0017320452039
-0.156617772607
0.0299980415008
-0.0164062910505
0.033902366702
0.00455672151353
-0.0305669148878
0.0053486874425
-0.00416605555847
-0.0364105510215
0.0231124051608
0.0257223574903
0.00884755854075
0.0338382315281
0.00325096929225
-0.0186842673373
-0.0373842019487
0.0115477269055
0.0278618855395
-0.0173551347686
0.0173972545073
-0.0161926142907
0.0531592401625
-0.0296427258682
0.002433814403
0.0211479005589
-0.018390946092
-0.00665144539558
0.0108061940121
-0.0442462650964
0.0184766937403
0.0198172799291
-0.0604619443048
0.0456438157022
-0.0141568218435
0.0105148711726
-0.0635062151105
0.00115046501392
0.0135799309765
-0.021537546199
0.0446582008237
0.0339731574046
0.0230409559217
-0.0305433476204
-0.0314434658638
0.0171774749704
-0.018157373069
-0.00685724324013
0.00253925485261
0.000392708257175
0.0160462670841
0.0231925505319
-0.0733189835243
0.0189627962102
-0.00927854446275
0.00179703643045
-0.0605140638253
-0.0111653696079
-0.0155342152984
-0.0131383701962
0.0558142049213
0.0129004969592
-0.0095775056236
-0.00842555395125
-0.0344929136998
-0.00554493197778
-0.0177844327602
-0.00778164464
-0.0123685928786
0.00700442261242
0.0287905003508
0.0480529560088
-0.0512901287371
0.00592915983227
-0.0304395263737
-0.014985921247
-0.0115413165812
-0.0218034858005
-0.021056873625
0.0147496128885
0.061251003272
0.0298713812132
-0.0527041870055
-0.0480254329774
-0.0082660502125
-0.0338337696182
-0.0376466607147
0.0261578379607
-0.0302554123847
0.000505121600225
0.0345364642386
0.0303594797483
0.0317945015098
0.023412319944
-0.0253938358058
0.0338152845887
-0.0493194414052
-0.028139874284
-0.00236447988225
-0.0809475709141
-0.0235382935033
-0.0037581453602
-0.0818959244826
-0.0449293472291
-0.0406458865049
0.0336259999605
-0.0053805562702
-0.0121696642461
0.00198521749651
-0.0608645435977
-0.0267735763177
0.0575406338038
0.0146152012399
-0.0338775766501
0.00897057499795
0.0341515570061
-0.0393114217513
0.01088831154
0.0241045796312
0.086927939731
-0.117447335923
-0.0181612600052
0.0596043492402
0.0801484466119
0.0202187952485
-0.0574705210035
-0.0281297458255
0.0583308570128
0.17658702118
0.0323688179972
-0.00883039891396
-0.0292685400323
0.0251055488667
0.0430062671779
-0.0386252825255
-0.0377527096513
-0.0044962319622
-0.0334068288685
0.0214162837192
0.0181057804188
-0.00342760726983
-0.0590425089934
-0.10984543401
0.062900079532
0.0538912332819
0.0189125666108
-0.0418853962107
0.0221456713427
-0.0426329771761
-0.0290374055435
-0.0419154370015
-0.0106478614389
0.0470689365622
-0.08507650052
0.087492814429
-0.11403698217
0.0482171309857
-0.0301005259484
-0.0155287792145
0.00301829210975
-0.052062071811
-0.0231536043678
-0.0122961146831
0.0414316091972
0.0926214591216
-0.0498818272996
0.0649259072663
-0.00589361616325
-0.013126449505
-0.0618368899995
0.0328083754406
0.0248849764279
0.0196169478768
0.0200070862752
-0.129909044082
0.080005675611
-0.0215290951526
0.107805951841
-0.00657625626447
0.0134158789325
-0.011163617339
0.0176718086467
-0.00649088676375
-0.0282282346657
-0.00635504730585
-0.0350161930158
0.0100132531085
0.0108465676315
0.0107767331061
-0.0219163492039
0.0414383550415
-0.0261170339468
0.00879215792235
0.0303919565021
-0.03076485699
-0.0234439717745
-0.0274312472116
-0.00968845484222
-0.0300891102697
0.005170940852
0.0164157976815
0.015335033989
0.018701012286
-0.0446092571165
-0.0600915868438
0.003045076253
0.00544712852675
0.000399729081802
0.0116840161234
-0.0380453226351
0.0234907449152
-0.0454465065896
-0.00346153689085
-0.00253255684245
0.0854922327039
0.00153475705447
-0.0545599999076
-0.00574934970047
0.00372926122675
0.0150399626732
0.0194576893461
0.0125788022065
0.0250346394301
-0.0308707168232
-0.0849050012221
0.0307927002205
0.00457645347325
-0.00513054001026
0.0180926386245
-0.0266537204043
0.0050933238145
-0.0201329502357
0.0111244178762
-0.007330877331
0.0195222152576
0.0278791897414
-0.0556676365315
0.0123659346954
0.000635469438711
0.0284599640304
0.00585844070325
0.00138719442068
0.044816499567
-0.0032006265387
-0.068489408637
0.0497788289802
0.00040972420015
-0.0103034564198
0.0081728961511
-0.0174044554876
-0.017019414969
0.00814715631642
-0.00695734245825
-0.0192456078985
0.0105258008104
-0.0119349454517
-0.0219709334692
0.0147428218989
-0.0177001510195
0.0438573601136
-0.00055435696675
0.0257772142584
0.0311259655616
-0.0153695516588
-0.0437625010365
0.0543967674716
-0.00517085108688
-0.0202786846199
0.012007349247
-0.00497845361375
-0.00661737198888
0.0114072714354
-0.0571908907665
-0.0210466548342
0.00955142947748
0.0101301440308
0.00542258493698
0.0085260514497
-0.00527410516775
0.0194693331246
0.00293719085675
-0.0116124910201
0.0181347192623
-0.0517185951646
-0.0353831493993
0.0282645376271
-0.010231176488
-0.0145163498251
0.0250977217845
0.0365892700535
0.00950009231775
0.0102819876105
-0.115044373029
0.0149831325678
0.00719573068778
0.0658891166387
0.022090154375
0.0118136815529
0.0161785195755
-0.0254112537023
-0.0898094314572
0.0905517777102
0.0164683149285
0.0208138813358
0.0531049427262
-0.0406751516575
-0.0225586303555
-0.0304329564499
-0.0292603104479
-0.0015364214973
0.0576394287183
0.0295407017865
0.0389129269471
0.0169019624527
0.0585716524036
0.0386158845169
-0.0342623110882
-0.00827208934091
-0.00637612985719
0.0708921337177
-0.0082661387802
-0.0468665933969
-0.00890670640805
-0.00226348147977
-0.0627697698274
0.0155689684578
-0.0446728647333
-0.0259289142918
0.0547170483362
0.039245872771
-0.031415838855
0.0114565941525
0.166662076268
0.0359422212502
-0.0125178184624
0.00930556143272
0.00169650989125
0.0622877133515
0.02127494973
0.0123852123985
0.00482812219885
0.0075261351014
-0.0222977654419
0.024005005819
0.0577496298889
-0.0273699211653
-0.078480172704
-0.0020029358142
-0.0652495720285
-0.0158870180115
0.0596541552412
-0.00800908899755
-0.00600412870125
0.0359696595194
-0.109130545114
0.0880281846708
0.0131634015706
-0.005642064765
0.00431865353218
0.0182937776341
0.0192758691836
-0.0432084650827
-0.0889256181189
0.0341638248868
0.0163435529373
-0.035341853239
0.00950003661387
-0.0103358409118
0.068412218558
0.0474735961816
0.0122363266758
0.0273095622185
0.0079247589295
-0.000166016983194
0.0116292357291
0.0551021057047
0.0275141819745
0.0146536538813
0.00669009595852
0.0380835921304
0.0176002977399
0.0347005885498
0.00682893848028
0.0582189347336
0.00952751230252
0.0239807377598
-0.0399374706275
-0.00826558353725
-0.0480379674848
0.0335433756017
0.0580680376112
-0.0432788572652
0.0654834228458
0.045551427842
-0.0610926018513
0.0583237156319
-0.00454948394997
0.030008408838
-0.0146095275312
0.0213614846752
0.00300989477228
0.0330049544566
-0.001412674948
0.00797893751963
0.1021024945
0.062775956712
0.004043795803
-0.0338826957506
-0.0126607384696
0.0209345379192
0.0608844292123
-0.0213558607237
0.0622604439745
-0.000349985018503
-0.012760764021
-0.0217489016363
0.00575489214175
0.0467863195727
-0.0152680339774
0.0193944648916
-0.0262089460203
0.0262656624513
0.0116431979693
-7.04139084999e-05
0.00418367046215
0.068910467307
-0.00810438787056
0.0153639088187
-0.0190754657406
0.0210148372996
0.0399056829935
-0.0212128984336
-0.0136606196052
0.0268566971595
-0.00747446943405
-0.0874820769353
0.019843176106
0.0573493974756
-0.00935665086885
0.0121298630578
-0.0521453765143
-0.0137511646938
-0.00857816011125
0.0511736197683
-0.0676073653477
-0.0165934256158
-0.0070995338466
0.0142313300029
-0.0297034983155
0.0340188362905
0.0195890763686
0.0032906555905
-0.0260485025806
0.028558499961
0.0300769370007
-0.060423286185
0.00574002377245
0.0360785924213
0.0067294451971
0.00450503563275
0.0448089833552
-0.0642450573448
-0.010033427555
-0.0189292671909
-0.027829606831
-0.0929585116981
0.0095695101192
-0.0133064070733
-0.0240673760072
-0.00021420313225
0.00603806566673
-0.0123286931132
-0.0238552986356
0.0321727857937
0.0144691867514
-0.0041521927772
0.00322617999925
0.00339788204618
-0.0183460644825
-0.032371249276
0.0719254145184
-0.0725699521315
-0.003051261302
-0.0614958479365
0.0405584710053
-0.0597658816478
0.00210107890807
-0.00932017492302
0.0260679448688
0.00979983648475
0.0133701510971
0.0148875231358
0.0130840836153
0.00994425405733
-0.0106085152157
0.0486232610905
-0.016136681494
-0.00580568462195
-0.0298393234673
-0.0247780575506
0.0647054250344
0.0141217455734
0.000831398096499
-0.00800429025422
0.0376560084313
0.100223328171
0.0520866600084
0.0168186200986
-0.00169380882625
-3.84675100001e-05
0.00961437671225
0.0410677469461
-0.0467576063928
0.0342228493415
0.0281023516515
-0.003092139089
0.034265163093
-0.0403147213565
-0.0214377415171
0.133343771678
-0.0279035369316
0.0337792404467
0.066000886665
-0.0800564649667
0.0117407720441
-0.040656281444
0.011842819548
-0.0201185762829
0.0242774712965
-0.061597108392
-0.00519782610525
-0.0648543108227
0.00843018725607
-0.047901669478
-0.0335761901562
0.0233922346707
-0.00387387641998
-0.136830626998
0.0196771993874
-0.00663978648527
-0.0206030618243
0.0107312298861
-0.0630551635258
-0.022836620586
-0.021821527654
-0.0246922979445
0.00812967916875
-0.0189574476855
0.03062864039
-0.0164437538068
-0.0601256019351
0.0320935328157
0.0511991590179
0.117454220332
0.16866609869
0.00625814348356
-0.0044346652475
0.010332486022
-0.0149959206598
-0.047441806842
0.0332804531306
-0.0226765553725
0.0940180902208
0.00815571830327
-0.073214937072
-0.0448661912119
0.0132432494095
-0.0337388179834
-0.040532061542
0.0564919429092
-0.000838907564775
-0.0069536155015
0.0322094188934
-0.137696148169
-0.0651253333727
-0.0266764984088
-0.0424671331035
-0.040195846032
-0.0934502816092
0.000776781386125
-0.0355549247166
0.0233463982489
-0.0487297077913
0.018645770404
0.0119233052085
-0.034604969583
0.022102802595
0.0206775802229
-0.0063278643855
-0.0128270853967
-0.0029489980765
0.000774770935751
-0.0144613474223
-0.0780251747784
-0.00404903698385
-0.0260839876894
0.0170615762703
-0.001353203378
0.0419235346629
0.0894803296267
-0.035317345686
-0.00016657085195
-0.0626357378769
0.0271583514375
-0.0067772842787
-0.0134057334106
0.00571613922325
-0.0280868908919
-0.00694385450605
0.0083469606425
-0.0252755004355
-0.010851770544
-0.0152617502707
-0.017695969702
-0.0172865778262
-0.002200447146
-0.0479991918804
0.0344287071022
0.0401629309687
-0.0149605791165
0.0209369327148
-0.027489978098
-0.0299840290676
-0.0142853180938
0.000219335759575
-0.000496738910825
-0.0308530331975
-0.015244438282
0.0198725619152
0.0232708824739
-0.026888905049
-0.0286175207278
0.0152505237208
-0.00347722928125
-0.00024030762665
0.0252113910375
-0.0587031160988
-0.00161330920293
0.0196757352708
-0.0546391000758
-0.00018647553545
-0.0212227587095
-0.0104580655049
-0.00713496223715
-0.0350488917794
0.00158690722074
-0.0450543869812
0.0101724400673
0.0346826505319
0.0283699949779
-0.00647293495792
-0.0184352867195
-0.080999122599
-0.0681290090496
0.0017254123462
0.0320159671103
-0.034436817776
-0.0250693572352
0.00231498068852
-0.0560519635855
0.00339326474107
-0.019800340938
-0.000212437285358
-0.00161735951812
-0.050027662774
0.00516190607992
-0.0057259635029
0.0373869236528
0.0505226282685
-0.0162451212864
0.0154780634735
0.043538716242
-0.131321692422
-0.063110759676
0.0297753330916
0.010272246732
-0.00598283138728
-0.0116475495244
0.0370563312212
0.0459699573393
-0.0121364320678
0.0089015660635
0.00108618885918
-0.0112548450262
-0.0249127988311
0.013159828679
0.0391605836114
0.0521075444922
0.011917172968
-0.0124982226657
0.070980890546
0.0519152031312
-0.0847130667814
-0.0454211431747
0.023364076368
-0.0058679490055
-0.00257316198685
-0.0038756638336
-0.0244730233869
0.0195104802692
-0.0288092972241
-0.00312137522275
-0.0479393422278
0.027739522791
-0.0219097878954
-0.0659343677467
0.0227008490285
0.0234864400928
0.0622059268874
-0.0155897698993
0.0149415272132
0.002152374927
-0.0625822037679
-0.0134252170863
-0.0225695699218
-0.0183108268243
0.0322893258133
-0.0300829248643
0.0132938719072
-0.015806174221
0.0654972063704
0.00398748217615
0.0343645661836
-0.0532746286973
0.045306422535
0.134725060776
-0.0858285959179
0.0648325100842
-0.077214078328
0.0259843102863
-0.062283344806
-0.027540669673
0.0308028777866
-0.00230125926425
0.0223014459526
-0.00188070790643
-0.000122410116078
0.074243746043
0.0305194335668
-0.0105671030558
0.0504963985383
-0.00594872099907
0.201774064272
-0.0273572992445
-0.0368444860081
-0.0453795521335
0.0552967808598
0.0545069141247
0.016372324674
-0.0698746228355
-0.00132178585328
-0.0153644200531
0.0194616188458
-0.0881846853554
-0.0292280498216
0.0190603501527
-0.10495481158
-0.0675500566095
-0.0694042990156
0.034625948786
0.00369274017325
0.0285381962438
0.00735263588445
-0.002741187684
0.00101933712405
0.00813474511205
-0.047322845653
-0.0653089573762
-0.0168444184378
0.0585126871817
-0.00679091849205
0.0172606323154
-0.0163181906012
0.10338191254
-0.0311385880552
-0.00544751073299
0.082541556431
0.00924814824994
0.00956243444828
0.0017073353728
-0.0354253476071
0.0150759934081
-0.220425451854
-0.0344103801405
-0.00923939888303
0.0160114596466
-0.00800517840915
-0.0240685891399
-0.0104884233403
-0.03874565289
0.0224531858151
0.0156501251188
-0.0021171768611
0.0475750213161
-0.0198902281631
0.0172394486628
0.0429529007383
-0.0392354521073
-0.00687041920762
0.0313453194856
-0.0192160287177
0.0254877378686
-0.095207427263
0.0043471196535
0.00767795850608
0.0181378349573
-0.0123373916302
0.000790749623249
-0.0099493852958
-0.00096772942635
-0.00766888568935
0.0262434829456
-0.0185632262521
-0.0354873725821
-0.0318029440822
0.0217339389178
-0.0366043274569
0.0164972150315
-0.0261149742958
0.0264303320629
-0.00085241195825
-0.00943003491103
-0.0431287540181
-0.00173557121975
0.0206438831052
0.00324644506125
-0.0120336281758
0.0071612295329
-0.0096958319781
0.0236697128497
-0.0302778870188
0.0267829361282
-0.0214526877493
-0.0119450916663
0.0054048835535
0.0100678637048
-0.0115412996047
0.0490226791369
-0.0170349868979
0.0199144130287
0.0227315061695
-0.0408443338974
0.0243061668593
0.0185675302371
0.0211086701332
0.00130401831925
-0.0259821490658
0.0158857437401
0.00380773856225
0.0102039633647
-0.0641287697411
0.01166178527
-0.0239294750484
0.0562729817674
0.0323966458388
-0.00136781261
0.000356817210001
0.0495203579957
0.0363688868883
0.0320998988499
0.014176839733
-0.0541725922674
-0.0149024017804
0.0270587791894
-0.00680214428878
0.0110060018116
-0.020022014011
-0.00404597123467
0.0176131279337
0.0634277536508
-0.0529217831942
-0.032864348583
-0.0121443912925
0.0321405969165
0.00641398670425
-0.0165791260637
-0.0310151407013
0.047515345507
0.0506945569869
-0.0279760722456
0.0330478576537
-0.038235440344
0.013971219885
0.0441281984695
-0.010119421418
0.00769550897177
0.0123908011182
-0.00524576619357
0.0114855586915
0.0693657262702
0.0350268926943
-0.0612445391905
-0.00513024949275
-0.0164926811286
0.0290182957328
-0.0205712653939
0.0243952303575
0.057430082905
-0.00402095956303
0.0326821913639
0.00108690979963
-0.00316020669535
0.0046247126974
-0.0318301076485
0.0437793590275
0.03544882436
0.0328041225138
-0.015670482736
-0.043640980608
-0.0359321263856
0.120564172964
-0.00208783884815
-0.0354164354745
0.0691440133863
-0.0185031829765
-0.0363967615958
0.0202018328003
-0.0200668817146
-0.00100602607792
-0.0973052844282
0.0116969159504
0.025624053291
0.0494581862078
-0.00714209891605
0.00258707895576
-0.00271095689765
0.0132364691227
0.0448061635315
0.0072652545633
-0.108009865478
0.05571665381
0.0204851854762
-0.0101505163917
-0.0608752555032
0.00796371831435
0.0421831244722
0.00297736693862
0.0223516756337
0.00168880447605
)
;

boundaryField
{
    ground
    {
        type            calculated;
        value           nonuniform List<scalar> 
400
(
-0.0170457174086
-0.0224288177315
-0.0330936578253
-0.00637914024985
-0.00604071033072
-0.0155747871727
-0.0297911767868
0.00462818949315
-0.138648119858
0.26238713992
-0.0370895298699
-0.00215340086604
0.01049503809
0.0555908631772
0.0280676909741
-0.0670021571348
0.0181057804188
0.0123852123985
-0.00663978648527
-0.0105671030558
-0.0504805453123
-0.0524514970017
0.101922237279
-0.0976941695418
-0.113339892757
-0.082250308166
-0.044754679667
0.0364373685884
-0.0516900420663
-0.0316035208884
0.0442330415467
0.00675500600157
-0.00660317397275
0.143886872556
0.0384528443499
0.00185247716787
-0.00342760726983
0.00482812219885
-0.0206030618243
0.0504963985383
-0.00887870737377
-0.008393486089
-0.0136179338077
-0.090037452935
0.0499103851584
-0.00452381892615
-0.0253380145923
0.0217069344826
-0.0661287948108
-0.0695688498278
0.0122305959203
0.0901961052447
-0.147591835994
0.141705864489
-0.0759422807911
-0.00583140360053
-0.0590425089934
0.0075261351014
0.0107312298861
-0.00594872099907
-0.0111312614917
-0.003583159726
-0.0399886619358
-0.0311276206186
-0.0470516373043
-0.0108758880365
-0.0651187704305
0.0819646067207
0.0493970589905
-0.0483502103692
-0.0236240057827
0.0641446003157
0.0144496347051
-0.0853124222158
-0.0574466192804
0.0216547885818
-0.10984543401
-0.0222977654419
-0.0630551635258
0.201774064272
-0.0179170579352
-0.00491190380387
-0.030119653977
-0.0113441342919
-0.0302362947846
0.0179834478134
-0.0614751952587
0.0129076159823
-0.037619217454
-0.0305043818755
-0.0295274673883
0.0326043181353
-0.0163247514417
0.0595571490078
-0.0248241313235
0.0885239471291
0.062900079532
0.024005005819
-0.022836620586
-0.0273572992445
0.0545954124985
0.0138407584676
-0.028031601113
-0.0306754596937
-0.0182614503525
-0.0461041499001
-0.0384011060298
-0.0240926085337
0.015128933523
0.0130965172464
0.0305366251244
-0.0821958449207
0.00566262948642
-0.0309105730355
-0.00950157680077
0.0210483908353
0.0538912332819
0.0577496298889
-0.021821527654
-0.0368444860081
0.0247083742602
0.0166980108254
-0.00807750581098
-0.0878527069245
0.0539653089682
0.0704222149218
-0.0173043488713
-0.0350478881598
0.034981671124
0.0204391798909
-0.0178275419867
-0.0662999837446
0.0433782843055
-0.0855575616318
0.128335474168
-0.00886961952261
0.0189125666108
-0.0273699211653
-0.0246922979445
-0.0453795521335
-0.12022261661
0.0212134530613
-0.0330038045735
-0.0353112689355
-0.0238825404684
0.0254434933393
0.0333643959526
0.032020273414
0.0300595236313
-0.048913751843
-0.0151707146523
0.0175761608784
0.0363850131701
-0.0297873485912
-0.0587967096167
0.0264303638501
-0.0418853962107
-0.078480172704
0.00812967916875
0.0552967808598
-0.0503963254292
0.045762976638
-0.117242236136
0.0605635332075
0.0244200330009
-0.0228858480429
-0.0012142097215
0.0855881584316
-0.0070613824008
-0.155737263646
0.0045883927337
-0.0122669184663
0.0155141239098
-0.047983866114
0.0323114253543
-0.02109084031
0.0221456713427
-0.0020029358142
-0.0189574476855
0.0545069141247
-0.0416678446303
0.00351538842617
0.251820059633
0.00261739508154
-0.0131351318557
-0.0276842718213
0.0321593833495
0.174335758527
-0.0125707757473
0.0456201606947
-0.0725765269148
-0.075727648712
0.0153457867274
0.00218192383123
0.0417772205534
0.0238293689271
-0.0426329771761
-0.0652495720285
0.03062864039
0.016372324674
0.0305316802469
-0.0500530657715
0.0710890211915
-0.0650667056903
0.0259694124
0.0232558652544
-0.0065200144038
0.0343444923208
-0.020310187146
0.0247234455851
-0.00606715248895
0.0628526987318
-0.0174450235192
-0.0318887914053
0.0104159513633
-0.0306818804047
-0.0290374055435
-0.0158870180115
-0.0164437538068
-0.0698746228355
-0.02189943702
0.0492660117454
-0.0897255823173
0.0403493619937
-0.0671797696133
-0.0579546934325
0.0134513494683
-0.0423191678679
0.0147242471953
-0.0158072519589
0.0785157632518
0.005762777556
0.0451200160242
0.0655031043529
-0.0549820949102
-0.00331178988282
-0.0419154370015
0.0596541552412
-0.0601256019351
-0.00132178585328
0.0336553982202
-0.0278233655648
0.035993870529
0.0115787563813
0.12176387963
0.0157420509285
-0.12338745035
-0.0603618527108
0.0861239572077
0.00270547989025
-0.0759610176984
0.117167561068
0.139942216244
-0.0113618865375
0.0979148806225
0.105489421581
-0.0106478614389
-0.00800908899755
0.0320935328157
-0.0153644200531
-0.119089536754
-0.00829866750254
0.0300600308148
-0.0792056335271
-0.0116834551549
0.0623778199617
-0.0216226884174
0.010742260792
0.0456675432502
0.0160825299509
-0.000979123504501
0.0824838406188
-0.0520292725131
-0.0226313301447
0.0099626450394
-0.00262798934
0.0470689365622
-0.00600412870125
0.0511991590179
0.0194616188458
0.0300203608053
-0.0328298912293
-0.0473180858062
-0.0688395830925
0.0434236101139
0.0229314203755
-0.0129839027586
0.0394576649841
0.0532753527287
-0.0666179791774
0.0528218439105
-0.06852839224
0.014227670199
-0.0386300460403
-0.0951031827587
0.00682517465247
-0.08507650052
0.0359696595194
0.117454220332
-0.0881846853554
-0.0966279693275
0.0119385033278
4.80217402538e-05
-0.0249173628268
-0.0143468592467
-0.00442418980417
-0.0117273987627
-0.0202793657234
0.0055982524418
0.0811591738511
-0.0197008620135
-0.0606099509386
0.0131293526893
0.0204230208114
0.00131780392028
0.016301728327
0.087492814429
-0.109130545114
0.16866609869
-0.0292280498216
-0.0265052851292
-0.0296536922999
-0.0204108553167
-0.0379261496849
-0.033074095083
-0.0695135197224
0.0535960357351
0.0257694354505
-0.0724492373801
0.0238826012882
0.0338394277089
0.0428107377242
0.0124657533043
-0.0685285538847
-0.0327876959636
-0.00344856280475
-0.11403698217
0.0880281846708
0.00625814348356
0.0190603501527
0.0217545657502
-0.121485726217
-0.0532688992136
-0.0102764810592
0.016997136941
-0.0417100764656
0.105683485833
-0.0665887658659
0.120850109792
0.154392645523
-0.0163668668502
-0.0347612222129
0.0030818838735
-0.020767184513
0.044929877555
-0.105843775816
0.0482171309857
0.0131634015706
-0.0044346652475
-0.10495481158
0.0448045030475
-0.164388458336
-0.0489615423394
0.0569240217978
0.0297733101097
0.0932088390899
-0.110399864874
0.00419209550926
-0.043266737176
0.0140370273997
-0.00394833936508
0.012651154216
-0.0542888461782
-0.005520009347
-0.100882564742
0.0595304565662
-0.0301005259484
-0.005642064765
0.010332486022
-0.0675500566095
0.0285291843252
-0.0510365063383
-0.0405943098163
0.0331470374566
0.0696268017327
0.0438999077396
0.0974873743315
0.00524952071965
0.0756278468192
-0.0643469299645
0.0578661976724
0.0861686175102
-0.157192550001
0.0529892069742
-0.0220528858828
-0.0598675907564
-0.0155287792145
0.00431865353218
-0.0149959206598
-0.0694042990156
)
;
    }
    top
    {
        type            calculated;
        value           nonuniform List<scalar> 
400
(
0.011645785089
0.0799779482337
0.009210098967
-0.0263984695232
0.00633312993647
0.0068988083312
-0.223517177108
0.0615446436112
0.0170976743258
-0.0605092755377
-0.0408504654962
0.0422297085881
-0.188397961787
0.0257779244575
-0.0889182693379
0.086927939731
0.0708921337177
0.133343771678
-0.015806174221
-0.0973052844282
0.0314224839039
-0.0328029847731
0.0120200926972
-0.0133486240843
-0.0516989384287
0.203920981643
0.174648237215
-0.0917541325866
-0.0218358554802
-0.0325223172449
0.0705143755773
0.0540637127283
-0.0420556575255
-0.00299966770097
-0.0397989855258
-0.117447335923
-0.0082661387802
-0.0279035369316
0.0654972063704
0.0116969159504
-0.0252529632379
0.0393209128914
-0.024390251914
0.0016275141755
0.0762323966128
-0.0517397137478
0.0821730619319
0.028099987699
0.0191546257168
-0.0269870547743
0.0258035092656
-0.0600914326063
0.0145764522443
-0.0038585936455
-0.0593788613589
-0.0181612600052
-0.0468665933969
0.0337792404467
0.00398748217615
0.025624053291
0.0359212840196
0.0231016582635
0.048378520941
-0.0187411675838
0.0418483631103
0.0022633300123
0.0142691803031
0.0431340482763
-0.0457207387873
-0.0669591084783
0.0246099659877
-0.0405529677627
-0.0200324667988
-0.0346678617613
-0.050596302036
0.0596043492402
-0.00890670640805
0.066000886665
0.0343645661836
0.0494581862078
0.0249320526457
-0.0554125619278
0.074717411817
-0.0357485698896
0.0404662019732
-0.0115463828967
-0.0619184105295
0.017890842438
0.0450402368284
0.155558383363
-0.134479950986
-0.0339230816698
-0.0119480341239
0.0640212928325
0.0236522317418
0.0801484466119
-0.00226348147977
-0.0800564649667
-0.0532746286973
-0.00714209891605
-0.0379175544122
0.0481710020216
-0.0693927297961
0.128041530696
0.0702502640721
-0.008712029828
-0.03124211561
-0.0349223157326
-0.0045312172315
0.125621785283
-0.0415362258615
0.0528020091052
0.00750593062078
-0.0333091496048
0.0426956583856
0.0202187952485
-0.0627697698274
0.0117407720441
0.045306422535
0.00258707895576
-0.0296449431065
0.0387640550752
-0.0585844070286
-0.030450498529
-0.000236370749247
-0.00915935588897
-0.0570479251809
-0.0213759945567
-0.0558595186625
-0.111986993881
-0.001174943214
0.0470091534613
-0.00666497337327
0.0325139160765
-0.0472384739543
-0.0574705210035
0.0155689684578
-0.040656281444
0.134725060776
-0.00271095689765
-0.0391627979748
-0.0662699920703
-0.0315842507498
-0.0195172536341
0.052266383539
0.0218070391898
0.00325969426552
-0.0292508043365
-0.00224871814205
0.011923349413
-0.098059606431
0.0612216357706
-0.0155275524461
-0.0126803526135
-0.0447823494378
-0.0281297458255
-0.0446728647333
0.011842819548
-0.0858285959179
0.0132364691227
-0.0279328566247
0.0111390942646
-0.00864074117022
-0.0172736305354
-0.0200740747145
0.0774816955057
-0.0276029067397
0.00141144372476
0.000377158782266
0.0525515686119
0.00585628989056
0.0192172979042
0.015484881197
-0.0618450001384
0.140299963729
0.0583308570128
-0.0259289142918
-0.0201185762829
0.0648325100842
0.0448061635315
0.0292435561648
0.0330623210715
-0.0193371779123
0.0292096578094
0.021760384902
0.00562572547883
0.0317459648668
0.0230710175895
-0.005511030082
0.0656116979211
0.0065625982862
-0.0616324216891
-0.00907184353707
-0.0712623496664
-0.0289349604957
0.17658702118
0.0547170483362
0.0242774712965
-0.077214078328
0.0072652545633
0.0757675226133
0.0577820816044
-0.0521819567583
-0.0214389833534
0.0192258647185
-0.11140356627
0.0581507796851
-0.0577297932197
-0.054476239429
0.143430357524
-0.0370631746563
0.003342630331
0.039267125899
-0.0314894075276
-0.089195855813
0.0323688179972
0.039245872771
-0.061597108392
0.0259843102863
-0.108009865478
0.0738108970785
-0.067282475013
-0.0640939396672
0.0524119278591
-0.0101816475325
0.0827896482888
-0.0593624840281
0.0922745403316
0.074096322499
0.0407874969442
-0.0811867873882
-0.0512343801548
-0.0539902406715
-0.0177271424179
0.023143255783
-0.00883039891396
-0.031415838855
-0.00519782610525
-0.062283344806
0.05571665381
0.0187566311392
0.0370521286475
0.21778191401
-0.057958755641
-0.0153323794873
-0.020129913362
0.034149422647
0.0607775247127
-0.02275349228
-0.0208187040976
-0.0426528445311
-0.107221714631
0.0246518503638
-0.0427106752813
0.00344378817185
-0.0292685400323
0.0114565941525
-0.0648543108227
-0.027540669673
0.0204851854762
0.0012154761004
-0.00148251612117
0.138513526945
0.0275391294322
0.00587242390233
0.0593277802343
-0.0216918448703
-0.166865265775
-0.0731043363833
0.0580688086794
0.005692848504
0.04721226104
-0.0217952213977
-0.0775183948827
0.0112097195603
0.0251055488667
0.166662076268
0.00843018725607
0.0308028777866
-0.0101505163917
0.032229850381
0.0616616150946
0.183585384803
-0.0262965274698
-0.0367134056389
0.0179739399369
0.0250592995213
-0.045847899277
0.0019171560339
0.01290012636
0.0198595018484
-0.0149688017289
-0.0066851622925
-0.0498580258514
0.0576980525349
0.0430062671779
0.0359422212502
-0.047901669478
-0.00230125926425
-0.0608752555032
0.0591903588261
0.0637327036393
-0.013656450915
0.0318650690909
-0.0797777265227
-0.0454123042398
0.0367459825759
0.115321311634
0.0899776998351
0.00987827920958
-0.0397525239647
0.0120092172777
0.0454202884155
-0.112009821604
0.119195972543
-0.0386252825255
-0.0125178184624
-0.0335761901562
0.0223014459526
0.00796371831435
0.144688017366
-0.0494803367451
-0.141512556885
0.0749598244985
-0.0336754896118
0.0560172379043
-0.0553547480206
0.0392116185758
0.0187670274954
-0.0237301806652
0.0371185237893
-0.0525598479957
-0.101318626676
-0.03098578114
-0.0895317202553
-0.0377527096513
0.00930556143272
0.0233922346707
-0.00188070790643
0.0421831244722
0.00735832193632
0.019277457349
0.0634417669602
-0.0757667468541
-0.0197456978123
0.016007923771
-0.11315609092
-0.0037064326656
0.00582795413218
0.0243740462498
0.00575985557425
0.0520651233467
0.0271294802552
0.0348289378601
-0.0345381682053
-0.0044962319622
0.00169650989125
-0.00387387641998
-0.000122410116078
0.00297736693862
-0.00988744309825
0.0530919705795
0.0216193264803
-0.0319475478567
-0.0158779664185
0.0605287501431
-0.0239083545762
-0.0454613344905
-0.0483430375751
-0.0112758460352
0.0892371969599
0.0535321944799
-0.003737216299
-0.0339471933733
-0.0255202481146
-0.0334068288685
0.0622877133515
-0.136830626998
0.074243746043
0.0223516756337
0.0460521680445
0.0188690730966
0.120506540645
-0.0474049571688
-0.0596898627341
0.0434097620219
-0.027593346386
0.0474205397481
0.0213783562403
-0.0625639875501
0.106031263751
-0.10813452629
-0.00190523706075
-0.00869457116483
-0.0364929154544
0.0214162837192
0.02127494973
0.0196771993874
0.0305194335668
0.00168880447605
)
;
    }
    left
    {
        type            cyclic;
    }
    right
    {
        type            cyclic;
    }
    front
    {
        type            cyclic;
    }
    back
    {
        type            cyclic;
    }
}


// ************************************************************************* //
