/*--------------------------------*- C++ -*----------------------------------*\
  =========                 |
  \\      /  F ield         | OpenFOAM: The Open Source CFD Toolbox
   \\    /   O peration     | Website:  https://openfoam.org
    \\  /    A nd           | Version:  7
     \\/     M anipulation  |
\*---------------------------------------------------------------------------*/
FoamFile
{
    version     2.0;
    format      ascii;
    class       volScalarField;
    location    "0";
    object      P;
}
// * * * * * * * * * * * * * * * * * * * * * * * * * * * * * * * * * * * * * //

dimensions      [0 2 -2 0 0 0 0];

internalField   nonuniform List<scalar> 
4000
(
-0.0160237462894
-0.0170952211006
0.0155809324236
0.00309232646061
-0.00941331654871
-0.0176434862907
-0.0146888645544
-0.0165872940556
0.00430755728479
-0.00518505857542
-0.00301079258903
-0.0297897602549
0.00358247348124
0.0129672181733
0.00784090369497
-0.0123545725416
-0.00398454016887
-0.00844986441101
0.0116291431035
0.0151290178671
-0.0130831752398
-0.0222369624728
0.012389672254
-0.0203537892539
-0.0102185507554
-0.0217086648838
-0.000181850426963
-0.00407604627919
0.00541271813884
-0.00682529686246
-0.0115456799131
-0.0178244305418
0.00471303561089
0.0191693541203
0.027561869294
-0.00826676440584
-0.000462936256407
-0.00944878688899
-0.00759100161462
-0.00307597345818
-0.0155167311312
-0.0208128653238
0.00656779540139
-0.0199601329652
-0.0106765083464
-0.0120417418442
-0.010622013892
-0.00749278761478
-0.00153057861935
-0.00733345030788
-0.0114156146828
-0.016897367423
0.00240183972942
0.011340654898
0.00906713438751
-0.00584910536314
-6.69390880791e-05
-0.00537392125088
-0.00497123281842
-0.00196560451183
-0.0181559018606
-0.0109621018644
-0.00067269460395
-0.0148179492473
-0.00774500653344
-0.00788018202702
-0.0110989975019
-0.00947294620358
-0.00523092464197
-0.0123068998261
-0.013029422681
-0.0146716619313
-0.00658299535912
0.0171990399486
-0.00769751587852
-0.0127532841486
-0.0012842474692
-0.00656777602862
-0.00522555929478
-0.00877595103553
-0.0184005270874
0.00157038020664
-0.00505142659042
-0.00698961910844
-0.00826174405981
-0.00900261356266
-0.00544697022715
-0.00534858974519
-0.00581610545724
-0.0158727018567
-0.0153868365873
-0.0192352415141
-0.0157166209082
0.0119525987278
-0.0189063045712
-0.0197818581046
-0.00339165008057
-0.00773405489338
-0.00570974922852
-0.00644868575147
-0.0165838019411
0.00849630415302
-0.0109079275086
-0.00123922558575
-0.0113218334174
-0.010545094351
-0.00544951444982
-0.00185284427583
-0.00999136618156
-0.0161152932252
-0.0144038944087
-0.0255163511933
-0.0157478689174
0.000834986636312
-0.0207378957627
-0.0185979216733
-0.0103050178625
-0.008807435963
-0.000295460048059
-0.00184190076269
-0.00868944646822
0.00622838768071
-0.0169110092295
0.00267830596467
-0.0150712717887
-0.0101606184062
-0.00795898110335
-0.00118102331308
-0.0202229793669
-0.00851768423145
-0.00718149569832
-0.0172098626972
-0.013421536657
-0.00886523783984
-0.0167399287844
-0.0131902025649
-0.0197332686967
-0.00545729917542
0.0100145956226
-0.000642275454529
-0.0036556251686
0.00480875756079
-0.0163070148483
0.0020765791571
-0.0112127287042
-0.00662332480952
-0.00584826041746
-0.00195928547112
-0.0252365580931
-0.00214155927717
0.00711029147085
-0.00382263153912
-0.0207135067891
-0.0144211789661
-0.011400396786
-0.0117808153945
-0.0196330609973
0.0022006685841
0.00921080041359
-0.00409386468093
-0.00653223580324
0.00225700261714
-0.021701598018
-0.0054827514815
-0.00608257291863
-4.14306899674e-05
-0.00483032750551
0.00158392652288
-0.0208578763063
-0.0060757317244
0.0123222217648
0.00499941742324
-0.0231500567981
-0.0179294833388
-0.00562105330381
-0.0169771962504
-0.0161210834582
-0.00310692364486
0.000949915448304
-0.00900739159976
-0.0176026348405
-0.00937164548046
-0.0131121208383
-0.00229546061563
-0.0219476558487
0.00557289628487
0.00133650122998
-0.00838417239061
-0.0250767708438
-0.0158467170479
0.00780263407743
0.0220983460054
-0.0313649993024
-0.0233606662856
-0.018562009592
0.00313106237514
0.00482504700142
0.0112076164189
-0.00423607892655
-0.00829862346311
0.00356719851803
-0.00710436869606
0.00260223162086
-0.00839983747605
-0.0120697414331
-0.0219900080503
-0.0166631021279
-0.0372183261568
-0.0188829751522
-0.0113160013844
-0.00540915514362
-0.0151069172033
-0.0209666344858
-0.00228246271756
0.0111030587319
-0.0338999401632
-0.0132624185598
-0.00411737233334
0.000210667861135
0.0156085878305
0.00670855172195
0.00661580197725
0.00218158615283
-0.0136404200668
-0.027240358555
-0.014498035822
-0.0116648376735
-0.0283318957696
-0.0132196080503
-0.00478059709188
-0.00589822468574
-0.0167574559702
-0.0147216007588
0.000165613030467
-0.0148591252607
-0.0183123812729
-0.00581484534222
-0.00122804442665
0.0204787470413
0.00203895420632
0.00422122555688
0.0032564489396
0.00337547537473
-0.0148587808212
-0.0191480769831
-0.0122252403473
-0.00862965498722
-0.00756458440104
-0.00967029331249
-0.00729542819941
-0.00802966388905
-0.0150236851275
-0.010163062842
0.00147887214968
-0.0237641695805
-0.0257721845216
-0.0142608406648
-0.000327570240582
0.00738426107995
-0.000158889578527
-0.000612552100179
-0.00866256305923
-0.000656657709557
-0.0143905911143
-0.0205909163239
-0.0135581017407
-0.00700301375652
-0.00391727643062
-0.0076474876721
-0.0102149505815
-0.0159530922652
0.000131145248751
0.00294228263765
-0.00854479484667
-0.023016991816
-0.0259744790144
-0.0158374531106
-0.00191224403673
0.00132478865587
-0.00816190378298
-0.00573107894536
-0.0180432577184
-0.00522903734399
-0.0135322938336
-0.0155136310008
-0.0127627083593
-0.00711795603766
0.00162402445176
-0.0069466442967
-0.0117754194318
-0.0258871825078
0.0130249174153
-0.00634859000041
-0.00763029764884
-0.0167978874051
-0.0212041859828
-0.0128089119386
-0.00710509060607
-0.00386509276127
-0.0126933475684
-0.0139014602274
-0.0166730451243
-0.00486198901856
-0.0111772624044
-0.0105075731708
-0.00975874397302
-0.00777016125279
0.00487283810945
-0.00660091468286
-0.0129581607621
-0.0269247887776
0.00663001479395
-0.00756669601867
-0.00720655512917
-0.00630293911896
-0.0130407200087
-0.0122437155516
-0.012892773017
-0.00901461074496
-0.0153380601028
-0.0207606313029
-0.0160466490805
-0.004892530517
-0.00881314399719
-0.00283611084653
-0.00611783409791
-0.00380998939827
0.00853373599854
-0.00768744780226
-0.0128807810756
-0.0226058598349
0.00440189326948
-0.00856567294831
-0.00915904194389
0.00683984308183
-0.00762727692052
-0.00351452636825
-0.0132877128975
-0.0131038337462
-0.0155722852817
-0.0192564842408
-0.0146381529544
-0.00788263554239
-0.00571258721625
0.00776765120488
-0.00203255129271
-0.000395273792819
0.0088876979857
-0.0104811951078
-0.00917082554431
-0.0118974651254
0.00208269437106
-0.0172403007024
-0.0161558963442
0.0162969624159
0.00609247735311
0.00194278344209
-0.00787032113702
-0.0155479961217
-0.014801061899
-0.0155403627275
-0.0122931061102
-0.0123335067446
-0.00455163788307
0.00216607016166
0.0131654838357
0.00367158290519
0.00457963488798
-0.00498513020937
-0.00174866238774
0.00737636553931
0.00290494343429
-0.0129742647694
-0.0119863702982
0.0175717347462
0.013796498421
0.00457782313966
0.00520524529879
-0.0189162900314
-0.0112844278769
-0.000373824049685
-0.0137143790792
-0.00805873854041
0.000725512488306
-0.00560693705153
0.0238869667272
0.0141716789402
0.000971479434216
-0.0128723513081
0.00141197276926
0.0111443642672
0.0123833077753
-0.011866947372
0.00394918986392
0.0195414252189
0.00734165894647
-0.00193980965814
-0.00283845591034
-0.0158087985407
-0.0162312700056
-0.00382767818293
0.0231324821926
2.05660530152e-05
-0.00906133927383
-0.0190715739449
-0.0236398665542
-0.0158304416231
-0.0202073039262
-0.0201983017256
-0.000740261794015
0.0125533840415
-0.0111815297016
-0.00918793342412
-0.00532015696244
-0.0123241119455
-0.0155012520457
-0.0274622548017
-0.00163258947372
-0.000831513041395
-0.0222314075407
0.00256072493843
0.00315147562015
-0.0199137472897
0.00112314557285
-0.0109167492533
-0.017511813569
-0.00813623419719
-0.00706013913377
-0.0130009898942
-0.00363454800816
0.00265458912201
-0.0119665795378
-0.00439986185408
-0.00360548390298
0.000121417385073
-0.0144699111238
-0.014516253129
-0.0123500720364
-0.0261475189292
-0.0132866851713
0.00361740637636
-0.00853122460798
-0.00669126127513
-0.00160864643236
-0.0155436232796
-0.0238234057457
-0.0152985409291
-0.00238768824144
-0.00133221611484
-0.00918287656198
-0.00285346146554
-0.00796204798789
-0.0108619961238
0.00211029925099
-0.00311985321067
-0.00578609651829
-0.0201945327157
-0.0162354289909
-0.0213972127109
-0.0184294726426
0.00385061020116
-0.014293178642
-0.00502988216695
-0.0093018748587
-0.0150587012194
-0.021230371559
-0.0303689550825
-0.00862777699558
0.00456573934306
-0.0152502040191
-0.0119886668425
-0.012334784567
-0.011716297173
-0.00351185963091
-0.0163699648284
-0.00104298125067
-0.0140027624483
-0.0198099430058
-0.017545679396
-0.0214286943988
-0.000277391566821
-0.0156327392329
-0.00646081987795
-0.0156724339867
-0.0141609631344
-0.0117412343346
-0.011758403875
-0.0180134753976
0.0010661815763
-0.0156376026691
-0.0178602032701
-0.0139527874352
-0.0110874392112
-0.014048332769
-0.0275099088633
-0.000499739392441
-0.00579239333572
-0.0159109829419
-0.00892664459959
-0.0204799476354
-0.0059923074046
-0.0186464068723
-0.00589087313059
-0.014830012669
-0.0128956499905
-0.000835402623821
-0.00766960089171
-0.0246149958987
-0.00372615564535
-0.0126629543456
-0.0203381960421
-0.00851610201257
-0.00668847647281
-0.0237646800964
-0.031195970309
-0.000699168591483
0.00182729963279
-0.0105311003663
1.9373342314e-05
-0.0127875131816
-0.01222701588
-0.0174054304241
-0.005485877844
-0.0113864002631
-0.0108466616597
0.0069123742352
-0.00750052777879
-0.0192816704714
-0.00804087536981
-0.00684008603439
-0.0188082688456
0.000333369944916
-0.00149969068249
-0.0274687273955
-0.0234272628871
-0.00352641476549
0.00425736546447
-0.00623904335351
0.00542178364026
-0.00533254705216
-0.0115121137507
-0.00801604667866
-0.00738185769809
-0.0087144039659
-0.00862611572286
0.0122308398919
-0.00339756506882
-0.0145490644914
-0.0084779346001
-0.00412735562865
-0.016390818125
0.00638322026275
0.00109189051174
-0.0222251166444
-0.00824119133897
-0.00437261721393
0.00760602164816
-0.00438217685387
0.00253031021267
-0.0036801812924
-0.00628791097916
-0.0101915227326
-0.0131118600093
-0.00455691602802
0.000667346991146
0.0210808224584
0.00359363913814
-0.0150007228283
-0.0136307967202
-0.00964700371897
-0.0147054640427
0.00501919725854
-0.0016172763158
-0.0117513904937
0.0158623658659
-0.00129069737469
0.0175263604574
0.00162127841501
-0.00683841460887
-0.00352179246221
0.0113372153886
-6.99217453028e-05
-0.00737169740386
-0.0245550286068
0.00546614213502
0.00259134405508
-0.00158882319594
0.0011028278265
0.00234657614197
-0.00660811261948
-0.019374313744
0.00438780062432
0.00775560822137
0.00136652996745
0.0305941986146
0.0209484143251
0.0185596950636
-0.00575741244284
-0.00582944631842
-0.00932312632988
-0.0101506411111
0.0210650985172
-0.0072983159003
-0.00351429624068
-0.0155363976755
-0.0255621827585
0.00254316246885
-0.00216107273386
0.0103732436083
0.020711620357
-0.0027570960344
-0.0113561169364
-0.0273572413823
-0.0179823450797
-0.0210360078852
-0.0154295179748
-0.00617353377662
0.00221458843271
0.000381426188151
-0.01143215838
-0.000558361879814
0.0226983400497
0.000387373412895
-0.0166278856414
-0.0132169478519
-0.0188767465847
-0.0136122093329
-0.0128533013292
0.0106096335101
-0.00390347594988
0.00372003819455
-0.0240934293747
-0.0196288949412
-0.00494673877578
-0.0342202863782
-0.0155766508914
-0.0120188506968
0.00740609730463
0.00263927543099
-0.005581875286
0.00245417036676
0.0137980100343
-0.00406617240657
-0.0156305957961
-0.00651682838531
-0.0200706983645
-0.0141450704625
-0.00801190350334
0.00573430214155
-0.00833120251788
-0.00581553054378
-0.0231726561106
-0.0215339367624
-0.00199302711866
-0.0205942276903
-0.00985875651227
-0.00937063211068
0.00107246390111
0.00337800245061
-0.00263450997456
-0.00223205650776
-0.000952841795742
-0.0145610276612
-0.0155835751822
-0.00522131296221
-0.0126312069079
-0.0125812602173
-0.00440057743214
-0.00395073562039
-0.00833895247622
-0.00952051547585
-0.0197789982578
-0.00986903608833
-0.00682551870516
-0.0145860285689
-0.00643309816549
-0.0104884521131
-0.00474416553687
-0.00590032721879
0.000743217952663
-0.00970338961417
-0.012133400999
-0.00892149399895
-0.0111560129976
-0.00568234175085
-0.00584924374432
-0.0137441639678
0.00258021289144
-0.010576502506
-0.00873686393346
-0.00811580461059
-0.0112505210574
0.00107182601511
-0.0147518830898
-0.0122772446065
-0.00887808034165
-0.0129151144166
-0.0110233894351
-0.0146249117199
4.12156976163e-05
-0.00510659890882
-0.0197565866905
-0.00211222286205
-0.00516693505037
-0.00351657926788
-0.00179687226437
-0.016103770411
-0.00496595343703
-0.0218989913469
-0.00976412681513
-0.00193176768801
-0.00550280098341
-0.000625267203131
-0.0187834223814
-0.00938946774176
-0.012787809664
-0.0137942504882
-0.0159154537886
-0.0178951642966
-0.00417691838797
-0.00740415089395
-0.0244493977532
-0.000606912320709
-0.00329539777654
0.000925877325146
-0.00417170533659
-0.0131476974027
-0.00847482875327
-0.0216786544403
-0.00671601030445
-0.000724005483978
-0.000661352391572
-0.0137269966458
-0.0215667814338
0.00176159489473
-0.0154412180289
-0.00631539445514
-0.019667471715
-0.0151069042117
-0.00476188033127
-0.00827407618076
-0.0234257540744
-0.00392386357908
-0.00208559141721
0.0072807427564
0.00124863073392
-0.0189430471379
-0.00682925394806
-0.0254662707689
-0.00433465902146
-0.00160104490131
0.00313363132152
-0.020088229091
-0.0191849528722
0.0166227916195
-0.015548904579
0.00567536533878
-0.0188526247398
-0.0102598774847
0.00128158564974
-0.0128129029777
-0.0227124059505
-0.0110218345075
-0.00730558152181
0.00875002937204
0.00815798292925
-0.0160821920624
-0.00608105278048
-0.0179699457559
-0.00584573863347
-0.00130231313427
-0.00555976876012
-0.0180565917016
-0.0149129722565
0.0155278787187
-0.0150703175932
0.0164068845799
-0.0151158367828
-0.00891035490091
0.0150408228792
0.00107625138539
-0.023989929747
-0.0193732097205
0.0142410502285
0.0224079234151
0.000628230949349
-0.0165252620503
-0.00993440621725
-0.0219193117185
-0.0120956351936
-0.00111413046752
-0.00954488248952
-0.027186454143
-0.0100939830243
0.0117071835289
-0.00166191747749
0.0011242666578
0.0100555116777
-0.0160390198559
-0.0137458282623
-0.0228955476186
0.0138039394792
-0.00513574262797
-0.0234766368413
-0.0224822433137
-0.0171717853532
0.00123422814828
0.00991187425413
-0.00705632179879
-0.0239641869298
-0.0254856331499
0.0126193433209
0.00344094231583
0.0323287265395
0.00344514222611
-0.00598972340506
-0.00478192079051
0.00165519393856
-0.00840034352908
-0.0124624361187
-0.0111194599072
-0.0110311848456
-0.0149761886443
-0.018850941406
-0.00792009816603
-0.0150177080519
0.0141050798605
-0.0129258915776
-0.0124628579021
-0.0133753218882
-0.0175605898029
0.00689065961773
-0.000906794993297
0.00554078741589
-0.00740501434712
0.00802588706319
0.00223204676564
-0.00154478383655
-0.0149456904233
-0.0259811792831
-0.00461376961119
-0.0241102329626
-0.0142391841064
-0.0160189193159
-0.0188172241942
-0.0188450379013
0.00902940296653
-0.000911235805532
-0.0110090632882
-0.00970888047562
-0.015130102056
-0.00317328438548
-0.0116761309134
0.00616328786119
0.000427239359774
-0.00468061324822
-0.0136177133325
-0.00926641897855
-0.0190507391522
-0.0189342246442
0.0138335484269
-0.0254739536862
-0.00981420267544
-0.0130632207404
-0.0189752328883
-0.00689229315671
0.000596008213919
-0.000526868341417
-0.00805567823234
-0.00697528089604
-0.0103755771585
-0.00897078642634
-0.013241943248
0.00546566393838
0.0044997081862
-0.000976510965429
-0.0206691707337
-0.0154535079049
-0.0172997238317
-0.0128012462117
0.0125391681904
-0.0189200018016
-0.00873392906637
-0.0124240330523
-0.0170315732232
-0.00973072818174
-0.00481565662293
-0.00269942349458
-0.0110585081624
-0.00557799838781
-0.00648119758058
-0.0117411124656
-0.00972379730236
-2.92847774755e-05
-0.00377559648604
-0.00911942331736
-0.0167400908431
-0.0155341194726
-0.0150720081752
-0.00676082479075
-0.00438636100662
-0.00951205755293
-0.00653910285564
-0.0120605142431
-0.0128025728638
-0.012911691098
-0.0116595416728
-0.00384003516802
-0.0186332515654
-0.00448530046119
-0.00849492411782
-0.018703666822
-0.00376877807891
-0.00297404827145
-0.00407204076826
-0.00457048568889
-0.0143483281955
-0.00993966139519
-0.00973358529047
-0.00688977501557
-0.00379550245631
-0.00204756033096
-0.00597452225638
-0.00855076537647
-0.00787657001294
-0.00928479019858
-0.0145641258899
-0.00643611520228
-0.0176443566309
-0.00444400452724
-0.00880241760728
-0.0293207284681
0.00105396747139
-0.00779251687441
-0.00572020935242
-0.0111187153227
-0.012092207906
-0.00557162299226
-0.00415524876425
-0.0144205447537
-0.00520130968315
-0.00284853874009
-0.00695782088843
0.00131993621604
0.00100798579021
-0.0122826879235
-0.0198773385383
-0.0120270318811
-0.00941472031169
0.00121370048749
-0.00270525822156
-0.0320618863621
0.00076033066618
-0.0161058056544
-0.0117073661743
-0.0153304592926
0.000301822699081
-0.00630177205125
0.00199081118448
-0.0203874939141
-0.00743261038249
-0.0134171373211
-0.00452304751595
0.0193780061755
0.0071845056052
-0.0136168109436
-0.0213880151504
-0.0172667035264
0.00231656809544
-0.000861838594198
0.0178534853816
-0.0311297086977
-0.00750832680888
-0.0174604949417
-0.0151141161794
-0.00915358373913
0.00279173624245
-0.00955577316026
0.0144629776486
-0.00850837017013
-0.0108289629791
-0.00991662024682
-0.00367201255182
0.0013284494265
0.0130716507791
-0.0158022540242
-0.0213337709127
-0.0201788755813
-0.00401331105306
0.0175506830333
0.00143654525259
-0.0150538594266
-0.0176144858901
-0.0274477454626
-0.0173732053853
-0.0125170599595
-0.0102909917465
0.00512056761842
0.00840579761551
0.000407569481273
0.00821179012834
-0.004321046084
-0.00594812372074
-0.0220229964908
-0.002017690712
0.0144067927447
0.00449632880215
-0.00531778702411
-0.00323201035892
-0.00851105841942
-0.0204496136712
-0.00829019220621
-0.000341676545342
0.0223369858767
0.0131091254074
-0.00794881045056
-0.0234242560383
-0.00735927562475
-0.0205834041092
0.0103808774305
0.0140106155571
-0.0019435555476
-0.00349468892269
-0.0176359685992
-0.00640245645255
-0.0121101333857
0.00770260246492
-0.01171565193
-0.00172251640216
-0.00228883825455
-0.016033343188
0.000941420954096
-0.000994724026124
0.00727856501754
-0.00457665073174
-0.00326662235648
-0.00802915512771
-0.00464816718661
-0.0310197083514
0.0060480922868
0.0184638763507
-0.0123861351731
0.00221470312396
-0.0120838418511
-0.00957996415791
-0.0195148790712
-0.00280879522256
-0.00751702035214
-0.00417924594452
-0.00787647247773
-0.024054597103
-0.00361859305354
-0.00305140825208
-0.00502101386654
-0.0124231739549
-0.00931793004924
-0.00982619490956
-0.00856260132254
-0.0265236586443
-0.00599463073338
0.0110936146535
-0.015838552162
-0.00218500676717
-0.0125937715222
-0.0107770390609
-0.0238154030403
-0.0153960589859
-0.00347199871883
-0.0105029260025
-0.00941674546501
-0.0206270070297
-0.00249187284759
-0.01092032176
-0.0140721773696
-0.0160124681422
-0.0106208557532
-0.0165121996729
-0.00512818733673
-0.00934863296084
-0.00980780386726
-0.000824689599237
-0.0169206331934
-0.00785138030061
-0.0129311068517
-0.00982529541043
-0.0188484003491
-0.0166645502098
-0.00648881826866
-0.0167591184629
-0.0113573003732
-0.0184146065075
-0.00357019512713
-0.0135427960422
-0.0149542974335
-0.013840651392
-0.0060474300037
-0.0179200001636
-0.00185971744696
0.00124599196028
-0.00786050763649
-0.0137332481131
-0.0151894289308
-0.00659560920691
-0.0101966209131
-0.0103489640054
-0.0121149120697
-0.0115449548563
-0.00977901668086
-0.0189903938781
-0.0111243557708
-0.0107283305254
-0.00955072804647
-0.0108249684951
-0.0109920023276
-0.00826861981788
-0.00583562984938
-0.0161013234359
-0.00243993494512
0.000657430832374
-0.0058428723219
-0.0278499339755
-0.0126714141199
-0.000253118577133
-0.00649246188813
-0.011691097396
-0.0069501629148
-0.00598545313598
-0.0109460980049
-0.0146388394354
-0.0106264355597
0.00577706251169
-0.0181761782779
-0.00831903116495
-0.00761358175727
-0.00398284284585
-0.00605010598562
-0.0121041744752
-0.00695328599679
-2.12669081001e-05
-0.00506294885564
-0.0347326287373
-0.0114779188018
-0.0153536397985
-0.00516373376198
-0.00340488129387
-0.0039908165629
-0.00413351955482
-0.0130525645786
-0.0067292281032
-0.00802805873658
0.0141888639122
-0.0233675825677
-0.00971896879002
-0.00824708752079
-0.00181509603986
-0.00860831266796
-0.00551495908391
-0.0067998835034
0.00189199083795
-0.00640878338383
-0.0259128405579
-0.0143112236472
-0.0220329754952
-0.00409114097625
-0.00747359311416
-0.00367555964497
-0.0092239131553
-0.00780835578392
-0.000276836612644
-0.00537428057206
0.01393312507
-0.0222989011257
-0.00398610491267
-0.0115811244471
-0.00587231702745
-0.00302820197388
-0.00155768701026
-0.0158844783589
-0.00122750204978
-0.0127819776914
-0.0243869144568
-0.0193747931435
0.000832245904854
0.0175242683517
-0.026532489592
-0.00629039871067
-0.00918922674855
-0.0110199489166
-0.0128382654529
0.0109569596983
0.00677417640515
-0.00419186913214
-0.0107950258503
-0.00415506337271
-0.0111030677913
-0.0121047902088
0.00759255771332
-0.0166793653798
-0.000211776448623
-0.0155480186341
-0.0126470266728
-0.0254968920197
-0.0139929347428
0.0171234792111
-0.00767666196764
-0.00972155440709
0.00817762042145
-0.00351961034697
-0.0121951810364
0.0128972760279
-0.00736619595698
-0.00204893294528
-0.0356306497213
-0.015110515927
-0.01385453082
-0.015572855395
-0.000279607658845
-0.0040551507579
-0.0104365692778
-0.0117909582842
-0.014352204267
-0.0199430643883
-0.0124411904535
-0.0113978199945
0.00226332664246
0.0045504805423
-0.00862331506573
-0.00200034154405
-0.0164861921612
-0.00735744462287
-0.00972420090134
0.000384566303553
-0.0133834348825
-0.0186838350712
-0.00825702863755
-0.00587079550141
-0.00491549847452
0.00370524793455
-0.00100693954712
-0.00347788880246
-0.0134883395726
-0.0184837457309
-0.0118779643293
-0.0221412597685
0.00768524271604
0.00225945110997
-0.0158347362875
-0.00536380845779
-0.0218029307455
-0.0124304947507
-0.00776587775381
0.0019353282587
-0.0169520767123
-0.0160965992136
-0.0174357165962
-0.0151092889183
-0.00582619561022
9.89486911643e-06
0.00975893455878
-0.0070753212898
-0.0119446167268
-0.0151021191236
-0.0127523482298
-0.0199119106371
0.0100183319994
0.0100608482381
-0.021429145531
-0.00888742372373
-0.0251807761073
-0.0161943381467
-0.0141784323436
-0.00138134950946
-0.0161161792105
-0.0169099736867
-0.0175096092611
-0.0150623054439
-0.00780055057743
-0.00353500182781
0.00597632745374
-0.0143883687907
-0.00818395136072
-0.0114584454569
-0.0120600417409
-0.016734232554
0.0016252969964
0.000152710247163
-0.0164137367742
-0.0118479264607
-0.0211824709709
-0.0148497739869
-0.023479615911
-0.00572740632317
-0.0113366263018
-0.0194826638224
-0.0151227691375
-0.0149892594404
-0.00678463380843
-0.00743853153877
-0.0124845141914
-0.0113618732145
-0.00379833358543
-0.0100419788765
-0.0108333740699
-0.0137153555258
-0.00323625678998
-0.0106863650718
-0.0131853379186
-0.0148464029582
-0.0153704101883
-0.011172348533
-0.020273271832
-0.012559590289
-0.00635302121477
-0.0141990486799
-0.0119677580459
-0.0123540567373
-0.00494228994672
-0.0101916906946
-0.0186467477214
-0.00780187167618
-0.00182461662057
-0.00938463695418
-0.00639757521973
-0.0177457915305
-0.0125211700218
-0.024725897613
-0.0134213135445
-0.0162957789814
-0.00718651560512
-0.0071917796626
-0.00956037298736
-0.0180997585093
0.00323095550894
-0.00782843700761
-0.0101078047933
-0.00893678359732
-0.0063769583605
-0.0116094536485
-0.0194464015046
-0.0040142617975
0.00140376572219
-0.00405868332223
0.00706237172266
-0.0167712002771
-0.0228812539823
-0.0284695688538
-0.00945465328507
-0.0150778054405
0.00242518889032
-0.00267199036669
0.0014579733949
-0.0207568034385
0.00624145056767
-0.0020896010491
-0.010623968637
-0.00611160518335
-0.00893714965375
-0.0128320169317
-0.0197792353804
-0.00267542349372
0.00562023918245
0.00215805573348
0.0117122964601
-0.0155434881621
-0.0269933636539
-0.0234032557432
-0.00297075979005
-0.00256654833596
0.00996056740633
0.00237008354259
0.00997363400316
-0.000659348446024
0.00177432487891
0.000308418482829
0.000281351457954
0.00367230218179
-0.0146563606337
-0.012745586236
-0.0151958244637
-0.00340633543488
0.00660142612443
0.0206830087826
-0.00141535524993
-0.00782438505163
-0.0396377902906
-0.0206419870106
-0.0188431468758
0.006124224484
0.00754188398901
0.0089292125585
0.0148266686641
-0.015733650365
-0.00603046479002
-0.00646009529069
0.00501151740269
0.0225749487918
0.000928340433523
-0.0261806257108
-0.0232228018415
-0.00455126413056
-0.00927642668883
-0.00657576197523
0.0227331338507
0.0264096633465
0.00316566285943
-0.016346343505
-0.00824384778379
-0.00611885486696
0.0092888278267
0.0183650834605
0.0202429924563
-0.00879011771105
-0.00953339611276
-0.00425945706461
0.00156166435122
-0.00379783477342
-0.0118847427691
0.0123311154913
0.0155161039295
-0.0150140207828
-0.013964174852
-0.00305471874098
0.00409924142592
0.0173503007635
0.00578822692157
-0.0197403421687
-0.00567849651695
-0.00497130200381
0.00103849372468
0.010156223644
-0.0142916844085
0.00154085653998
-0.00788105810277
-0.00841248947013
-0.00374189864288
-0.0136358920925
-0.00942941963869
-0.00682434296856
-0.00830142294262
-0.00996711846044
-0.0152726467406
-0.00785361287884
-0.00272297008193
0.00991348098073
0.00118626709985
-0.00904477102651
-0.00707828044208
-0.00150677876769
0.00611875456978
-0.00304928152917
-0.0199045024609
-0.00192850853945
0.000280018338344
-0.000902884302913
-0.000143718230304
-0.0120150979246
-0.0131289109314
-0.0168852333816
-0.0126931135271
-0.0145630607168
-0.0161303706681
-0.0126782565564
-0.00676026315827
-0.0011120204852
-5.95756465732e-05
-0.00603591606297
-0.0101720822303
-0.00333995430446
0.00173106118699
-0.0104570576832
-0.0224382743216
-0.00190581942369
0.00149280697402
-0.000772095321924
0.00125823786379
-0.00846388856357
-0.0080135017723
-0.0118442524743
-0.000704753798511
-0.0102881795509
-0.0157120509586
-0.0150843506489
-0.00775760689466
-0.00920180519162
-5.2832432772e-05
-0.0132073305546
-0.0139068260393
-0.0058950563162
-0.00459882049404
-0.0124655950775
-0.0219598461773
-0.00262195852306
0.000701497230163
0.00243617367498
-0.003450290248
-0.00674137282958
-0.00434107053977
-0.00314021078756
0.00558519603387
-0.00763275133258
-0.0134089880029
-0.0182094423523
-0.0108237208194
-0.0140007113162
-0.00367634931204
-0.014625602516
-0.0146630561435
-0.00834914946733
-0.00825780268547
-0.012662539064
-0.0191789585245
-0.00742127017663
-0.0061373138615
0.00330125758913
-0.0114841205262
-0.00614470669941
-0.00651048910786
-0.00253284759868
-0.000816279231765
-0.00630633932642
-0.00861376780185
-0.0188417978533
-0.0140699113342
-0.0163609528018
-0.0102615215984
-0.0111791392843
-0.0128571338957
-0.0125116019962
-0.00931769732115
-0.0118884373839
-0.00652059475946
-0.0168797484619
-0.0219954341369
0.00394932816106
-0.0167784401395
-0.00414915166225
-0.0093654196462
-0.00480414555169
-0.00518980983491
-0.00511760937271
-0.00234537033385
-0.0130845707732
-0.0154151949427
-0.0181200321173
-0.0175377969345
-0.00718861482605
-0.00716780031616
-0.0150137352096
-0.0102097881873
-0.0116161593761
-0.0036831406695
-0.0220151209497
-0.0286594019937
-0.0108684179736
-0.0129304604436
0.00326749644694
0.000195501103324
-0.0126073457894
-0.010415212173
-0.000586982271226
-0.000990820202952
-0.0066878754104
-0.0194664150519
-0.0199358649867
-0.0181915964597
-0.00393030059701
-0.00984683148862
0.00181754948823
-0.015648491392
-0.0125396712096
-0.0065692365332
-0.0213691663813
-0.0261365432065
-0.0206285324041
-0.00399527080945
0.01853382351
0.00923839260685
-0.0201935191649
-0.00811079178541
0.00203143845401
0.00936423772327
-0.0124039123246
-0.022068991804
-0.0157169941471
-0.0143372700127
-0.00892332693896
0.00165277180414
-0.0219105041835
-0.0226468476855
-0.00907314361548
-0.0134037237566
-0.0121673403911
0.00196315937064
-0.0344975764971
0.0116623658337
0.0250505357932
-0.0117164701582
-0.0249250065275
-0.0252374829886
0.0131344350234
-0.00778685429566
-0.0105333255873
0.0166728276269
0.00730480362523
-0.00525831306287
-0.028481865291
-0.00219414072224
-0.0245327585069
-0.00896718264442
-0.000519400579154
-0.0224759171991
-0.0233452924739
0.0035964627764
-0.0173002278313
-0.0107594048829
-0.00760210576295
0.00442523995778
-0.000540483927185
-0.0147740141174
0.00826832166963
-0.0028061370518
-0.00984737589385
0.00708095363698
0.00132501253406
-0.010259399966
-0.0172084927083
-0.0067806768537
-0.01311033689
-0.00709141457248
-0.0141595580039
-0.00260432941729
-0.0235850259301
-0.0038457066431
-0.00126926410055
-0.0161366029118
-0.00188665114858
0.00241122695435
0.003255741481
0.0063915113605
0.00886070430565
-0.00420452048101
-0.00433918669577
-0.00104869686293
-0.00700640300391
-0.0030422420827
-0.0239451795682
-0.00312994533433
-0.0126666324563
-0.0185488630015
-0.00898305082083
-0.00343926059382
-0.0285065872519
-0.00714278825903
0.00351105700168
-0.0113772762712
-0.00705987221341
-0.00484595950828
0.00133296531943
0.0139476157722
0.00343079214859
-0.00846514439687
-0.00488514852742
-0.00323575208639
-0.0209027477905
-0.00978538405273
-0.0191549828495
-0.00348798867292
-0.0178306751174
-0.0155820921371
-0.00789200506372
0.000105225044303
-0.0213719649076
-0.00847626299234
0.0104116525026
-0.012029541864
-0.0131521847938
-0.00932727568682
-0.003108732182
0.00207882756947
-0.00265644478013
-0.0133732498913
-0.00466379921302
-0.0077090142804
-0.0245326278133
-0.0125252364186
-0.0123737731326
-0.00523292561252
-0.0189910483661
-0.0107194582471
-0.00942801147261
0.00167908169553
-0.0068002312535
-0.00313425990028
-0.00139937440528
-0.00708765580895
-0.0195893853644
-0.0140046028941
-0.00688026324275
-0.00866651009144
-0.0119697779274
-0.0164006068182
-0.00364126157041
-0.00892775065953
-0.023682429747
-0.0139101167118
-0.00151408933098
-0.00532238117128
-0.0150254717036
-0.0058897629179
-0.00849073801637
-0.000130874358751
6.0419194951e-05
-0.00275793445818
-0.00609136889606
-0.00549540700869
-0.0226165946169
-0.0185118855847
-0.00620567864589
-0.0115330806108
-0.0204913870752
-0.0178201385123
-0.00282593601689
-0.00931513291725
-0.0189654811458
-0.012818453209
0.00594150566993
-0.00288075476923
-0.00710428921808
-0.00290957789895
-0.00597710186053
-0.00928658178485
-0.000260825740505
-0.00480147585414
-0.00275232586003
-0.00538753342489
-0.0210689955744
-0.0201665285249
-0.00431252159279
-0.0116132287995
-0.0239251939689
-0.0130515479627
-0.00451494610577
-0.0133514768849
-0.00977526602757
-0.0127146216323
0.00187891566403
-0.00140364912429
-0.00179853592457
0.00061667174603
-0.00216284701745
-0.0101927110107
0.00448377710354
-0.00933650002625
-0.00432784068641
-0.00652076220518
-0.0151127817909
-0.0163354323511
-0.00423330775462
-0.0142269872161
-0.020603524933
-0.00818773456046
-0.011329605982
-0.018666918792
-0.00315138197799
-0.00645283409493
-0.00592938937658
0.007287052506
-0.00574532268328
-0.000226774603366
0.0031548202566
-0.00705091931116
-0.000761047695157
-0.00149287025562
-0.00308189682757
-0.00901223543649
-0.00986579982157
-0.0173389028242
-0.00661665021065
-0.00897347688093
-0.0152691203535
0.00249702734706
-0.00917892610791
-0.0109536987798
-0.00371160757952
-0.0111223523062
0.00920040254792
0.00733100453829
0.00811608382197
-0.00107358702044
0.00604611457149
-0.000286228120061
-0.00800867479054
-0.0153774115613
-0.0193886962653
-0.000388677202177
0.00113307026369
-0.00679193659123
-0.00867541372465
-0.0287030849875
0.00755750161909
-0.00188967165258
-0.00241012552701
-0.01653974204
-0.0185537315422
-0.0252576909224
-0.00873089627403
-0.00693837203087
0.00571069804398
-0.0200017914902
-0.00186290180104
-0.00262679654323
-0.00932513087695
0.0174010179487
0.0171327193496
-0.00677909835095
-0.00658611247317
-0.00129504691198
-0.00550884880526
-0.0166816229288
-0.00271796310484
-0.026454367343
0.00393965680495
-0.0105201849203
-0.0122852430631
-0.00138714750196
-0.0169451884398
-0.00320612616909
0.00272292735869
-0.00342750661
-0.00443143217738
-0.00744133631531
-0.00992206151341
-0.0089688321401
0.00285031552599
0.00674242125891
-0.0145047206194
-0.00252443066947
-0.0177362012123
-0.014878652673
-0.0093979901879
-0.0213288388143
-0.00300094985671
-0.00767766967173
-0.0100804181778
-0.00482508281973
-0.0129867951828
-0.00180344480571
-0.0116032909573
0.00121637132131
-0.00546015239334
-0.00223674807888
-0.0104270127242
-0.0120814921318
-0.00497566112986
-0.0130979300528
-0.019300260257
-0.00379024149057
-0.0123262407507
-0.0156464676016
-0.0160844326391
-0.0160314354765
-0.0068911414761
-0.00740509736383
-0.00203884139885
0.000978549944002
-0.0128278271939
-0.000851232142925
-0.011763613823
0.0013403636205
-0.0106445526213
-0.00209966856625
-0.0154241439595
-0.0148735980659
-0.00673023854281
-0.0102473241972
-0.0159197911548
-0.0108279094298
-0.00718980892881
-0.00645619229191
-0.0139388294878
-0.010982088611
-0.0106637657002
-0.00787421568196
-0.00124372511803
-0.000456915672749
-0.0133195533933
-0.0018428969233
-0.00775920284962
-0.0080203864459
-0.0170267786573
-0.00617932127252
-0.0152237283206
-0.0156633339346
-0.00702771521348
-0.00662940415509
-0.00782112615782
-0.014653037685
-0.00193677957837
-0.00133770417762
-0.0126014894988
-0.00281202975177
-0.0167383274968
-0.0060915741776
-0.00386104949032
-0.0067702012795
-0.00994804330163
-0.00233558807046
-0.0066276291714
-0.0166370250708
-0.0211144577499
-0.0107911945885
-0.0125518866766
-0.0152650460363
-0.00808015308087
-0.00765768521602
0.000618660291037
-0.0164967045851
-0.000580438996042
-0.00670081499282
-0.00971351655962
0.00506585899284
-0.0171276896499
-0.00263736143344
-0.0033002964888
-0.012841038631
-0.00061983614151
0.00360831774232
-0.00872111327275
-0.0200228376525
-0.0225207802555
-0.0129382330466
-0.00920030046964
-0.0140887719358
-0.00905402986765
-0.00492232919309
0.00708111801115
-0.0162011271144
-0.00221084357332
-0.012691526748
-0.0031872379053
0.00705844760401
-0.0162086239228
-0.00728431608659
-0.00337085102543
-0.00950811039573
0.0060763535976
0.00728790438186
-0.0111659866784
-0.0205702677871
-0.0183114771691
-0.0116335860449
-0.00831885802362
-0.0155716316964
-0.0101181946024
-0.00583160826971
0.00684800589919
-0.0159134616252
-0.00812180427933
-0.0165347127505
-0.00174085498705
0.00409630850586
-0.0144363731821
-0.00592603521514
-0.00608808792013
-0.00217380259623
-0.00962545954562
-0.00549640993853
-0.00887348236933
-0.0183536409341
-0.0101650166667
-0.00390452499713
0.00431452209213
-0.0167137532826
-0.0163503621113
-0.0121038388203
-0.00347967594773
-0.0123484694857
-0.0137134823787
-0.0163661187454
-0.00516060198618
-0.0042387418126
-0.0172937178146
-0.0203684718504
-0.00890007578266
0.0198980851662
-0.0152513839108
0.00289670280228
-0.0151984157306
0.00151467707565
-0.0135052120433
0.00829059237336
0.000920316882044
-0.0130752518099
-0.0190912342794
-0.0158211227285
-0.00338560757272
-0.013348320271
-0.00725734201946
-0.0163495617905
-0.0050267659964
-0.00457122010419
-0.00514161830864
-0.00579466494207
-0.00583667900335
-0.0311154558269
-0.00529365071215
-0.0114942970036
-0.00967379660437
-0.00860593705074
-0.0059000530274
-0.013992433198
-0.00814058887788
-0.0129450410576
-0.00358985783587
0.000400977402334
-0.00390815830215
-0.0193525336651
-0.00459683171069
-0.00543833055959
0.00414326031574
0.0132013709794
-0.0101149611051
-0.00988778483881
-0.0155211606453
-0.0279212972144
-0.00555358079256
-0.0261134564198
-0.0254209850822
-0.0157759774913
-0.00954238992232
-0.0207834076319
-0.00437082990853
0.0148892362239
0.00556961506919
0.0142817059129
-0.0119119836368
-0.00309393240881
-0.00292748274734
-0.00728378521132
0.00163602521677
-0.000251481999244
-0.0116011344742
-0.0068311830818
-0.0127556185211
-0.0143988512451
-0.00702092552126
-0.0155814711065
-0.0140533567367
-0.000929327317382
-0.00940068805886
-0.0173943081433
-0.0167406847715
0.00215957021886
0.00192262309638
-0.00790906014622
-0.00699852735034
5.29314426005e-05
0.00359924995095
0.00159415302292
-0.0141652845055
-0.013615079037
-0.0162587251317
-0.00937944173038
-0.00101704031602
-0.00140305805068
-0.00290753730852
-0.00953449261366
-0.00902843129894
0.00615322693139
-0.00627836216731
-0.0151810538901
-0.0194085694912
-0.0135196781451
0.00549593432386
-0.0115651356041
-0.0121252965864
0.00443623903299
0.000650865918358
0.0054387216228
-0.0185604834593
-0.0161924511292
-0.0205071205048
-0.0133644213786
0.00873086430071
0.00281312632862
-0.000657578658665
-0.0101489350978
-0.0112912273021
0.00553286775538
-0.00252238979548
-0.0118668132108
-0.020767387267
-0.0194133429629
-0.000548299524031
-0.0122971611515
-0.0217206296687
0.00874322798423
-0.00647988303985
0.00289725562054
-0.0133065683223
-0.0230771475928
-0.0210979485804
-0.0158508244399
0.00926433069522
0.00323651095977
0.000853243776042
-0.0109407148463
-0.0122274927739
0.00168678826218
-0.000708851576925
-0.00771292348168
-0.0197281544466
-0.0194566968126
-0.00977115610923
-0.0109368508493
-0.0181893629804
0.00169592511025
-0.0129405804427
-0.0027842582588
0.00209626113954
-0.0226934025568
-0.0174027596573
-0.0168145189445
0.00179960363361
0.00183694877556
0.000979564645833
-0.00598085724476
-0.0106736804335
-0.000691801708431
-0.000236075703389
-0.00351091965844
-0.0126469514836
-0.015595386092
-0.0191631060505
-0.00869355415595
-0.0132548951616
-0.00781476313949
-0.0139340332995
-0.00904615230137
0.00937721064051
-0.010023253349
-0.0104640398696
-0.0134598085484
-0.0122101431745
-0.00181532146485
-0.000876311793145
-0.00375482431229
-0.00918618863777
-0.00255090302629
0.0027681872443
-6.55643216163e-05
0.00015282568465
-0.0114933861525
-0.0248364211671
-0.0112222634186
-0.016833096551
-0.0154678686242
-0.00856432103284
-0.00647797622139
0.00351382448363
0.0035367121367
0.000155593755878
-0.00940749085412
-0.0227152115105
-0.00331870776329
0.00126589375944
-0.00610017661872
-0.0063478244907
-0.00451383573752
0.00117294797982
0.0013025471207
0.00411559661287
-0.0162190367239
-0.0279757752455
-0.00813503486132
-0.0156077078505
-0.0197834455201
-0.00420815942552
0.00217143249391
-0.00250021378371
0.0106933903104
0.0218726454007
0.0075360112943
-0.0234705681372
-0.00536186238631
0.00150275391449
-0.0158702641696
-0.00804565544536
-0.00346605580365
-0.00528195870515
0.0123239725207
0.00506954190143
-0.0106414262344
-0.0231546841801
-0.0259207779307
-0.0196571680177
-0.0118506204084
-0.00192287786254
-0.0095777254672
-0.011655779395
0.000416278199038
-0.0119917902607
-0.00994698838459
-0.00519621448485
-0.019318008057
-0.0098996983821
-0.0069896502296
0.0205371949368
-0.0102069909359
-0.0213964489243
-0.0135044436681
-0.014732374869
-0.00845700056091
-0.00359183741057
0.000813290266869
-0.0216851783669
-0.0157903380424
-0.00289135371657
-0.0333414062395
-0.0116961292381
-0.0188212497899
-0.0144580636395
-0.0122385528944
0.0110421938133
-0.0262505704333
0.00119828588315
-0.00977856411843
0.00811666655818
-0.00683696025655
-0.015309367653
-0.0149058572092
-0.00588206431892
-0.0309991907126
-0.00861785516592
-0.00283260132481
-0.0153163572561
-0.0196385261124
-0.0170961084889
-0.0164807219975
-0.0203384204168
-0.0121840325426
-0.00705498962805
-0.0165318449616
0.00316365766386
-0.0195755189366
0.00122246392368
-0.00980513678844
0.00319190070026
-0.00279484339676
-0.016180235962
-0.00866764047906
-0.00406700756367
-0.0197891441848
-0.00431229027264
-0.00483740124345
-0.0173633925625
-0.0179801553143
-0.0143332357295
-0.0123798121637
-0.0188158565624
-0.0174518096183
-0.00501239405196
-0.0182382309946
-0.00868782110807
-0.0154914756618
-0.00213882323032
-0.00660701792232
0.00125284006867
-0.00798925882399
-0.0170522435021
-0.00153572367988
0.000350981041925
-0.00478066318297
0.00381290562085
-0.00724826501334
-0.0163319415029
-0.00983892134604
-0.0203414547463
-0.0131939077561
-0.0122094907088
-0.0155928021606
-0.00956213588322
-0.015618696196
-0.0141784064311
-0.0110058996585
-0.00483481741438
-0.0057448423589
-0.0034243351977
-0.00900550384756
-0.0176073692697
0.005876093254
-0.00222501346809
0.00141946634588
0.00711327988599
-0.0112639055276
-0.0165019971957
-0.00731392637996
-0.0172441822007
-0.0145474786806
-0.00256201175632
-0.00846455567586
-0.0141278193702
-0.0117825411907
-0.00962055000289
-0.00408643749343
-0.0068636913905
-0.00294379679459
-0.00279164205063
-0.010600509807
-0.0136187808935
0.00324568687195
-0.00772324469275
-0.00444110221234
0.00103316688205
-0.0150534613055
-0.0152810269068
-0.00425346254306
-0.012386342408
-0.0159563978436
0.00301129186079
-0.00440670900604
-0.0142187939488
-0.0101052927068
-0.00768143005125
0.00230452449958
-0.00873457712586
-0.0032977342596
-0.00111999718913
-0.0113209427237
-0.00823185048795
-0.00839672413325
-0.0126238287071
-0.0124450150897
-0.00953420923675
-0.0165395712541
-0.0126594419112
0.00192037145482
-0.00782489357366
-0.0119669276546
-0.00348027504119
0.00150283715179
-0.0083189299657
-0.00614262705909
-0.00674415130355
0.00380057398162
-0.0191897419634
-0.00641722794414
-0.00276650775467
-0.00572209811423
0.00516121163092
-0.00426088027468
-0.00517414565136
-0.0158959523092
-0.0192666823113
-0.0137731339558
-0.00746818629334
-0.000578784250367
-0.00166691465113
0.00227171173558
-0.0113594885929
0.00435115152635
-0.00108191185244
0.00190887084877
-0.00186971686488
0.002452026581
-0.0322783062633
-0.0053450566922
-0.00696786660298
-0.00185674428122
0.0236321443604
0.018117746704
0.00103841758396
-0.013089158992
-0.0167162063267
-0.0103193979963
-0.000201589514902
-0.00213904815938
-0.000176507070385
0.0045062664974
-0.00651694060595
0.0221683712465
0.0125133772178
0.00379080394867
-0.00696851813231
-0.000822092725379
-0.00806138280564
-0.0164568934986
-0.00311029236458
0.00175225119506
0.0194553830287
-0.00043123706865
-0.015157466735
-0.00940694451048
-0.0286296015901
-0.000979833761132
0.0152810364471
-0.00194537507761
0.00880301289062
0.00239435549598
-0.0178492311886
-0.00599522932643
-0.014426489177
0.0170646535961
0.0252597851533
0.00120506115995
-0.0180651526285
0.0182899610692
0.0218922483099
0.000248861753831
-0.000136177875217
-0.0216644991351
-0.00837574986666
-0.00345721896449
-0.0135730955804
-0.024145089032
-0.0246871583242
-0.00219662323776
0.0103221211438
0.00565171317173
-0.018539808004
-0.0084053818083
0.00100238702935
0.00522568675353
-0.00316824155428
-0.00789365634371
-0.00695043782293
0.00427533199168
0.0078740828468
-0.00340705180161
-0.00359554716134
-0.0135762744007
-0.0076110861612
0.00235577750875
0.00254846991928
-0.00370630482304
-0.0205646548018
-0.0075510529393
-0.00351839801546
-0.00373478309273
-6.41875520724e-05
-0.015687726531
-0.00251362433542
-0.00751485642408
-0.00360797258684
-0.00756483898008
-0.00822669902241
0.00242829325789
0.00496050265898
0.00241939761439
-0.00749645679394
-0.0174410132692
-0.0111803164699
0.00221171074862
0.00424809847614
-0.0110220708949
-0.0097778892057
-0.00881170264767
-0.0135146689758
-0.0037791068193
-0.00232585838477
-0.0196103914871
-0.0135748040467
-0.00636161661592
-0.00484671943682
-0.0052372027348
-0.00610870598206
-0.008199274559
-0.00182063879006
-0.00431075549888
-0.00840222659819
-0.0149573082984
-0.0155132433072
0.00651167599995
0.00112946913653
-0.0143235670501
-0.00698030419542
-0.012614368895
-0.0264476379517
-0.0069904535363
-0.00893655908885
-0.0147899092785
-0.025000016019
-0.0098000390753
-0.00665428373764
-0.00398831990196
-0.00570301748281
-0.0153116564612
-0.00127810494666
-0.0107032195681
-0.00548937986483
-0.0156601379902
-0.00295112450161
0.00471578484759
-0.00103033101026
-0.0130802516425
-0.0101158011485
-0.00965258297117
-0.0301836184582
-0.00863979930675
-0.00297304908246
-0.00901194903887
-0.0215653502807
-0.0157702106452
-0.00736687938974
-0.00585734695685
-0.00833323923589
-0.0168332934446
-0.00108892269546
-0.0125948652728
-0.00432186595116
-0.0120819636861
0.00126227863094
-0.0140822285164
-0.00781167964769
-0.0084295806809
-0.0110604372468
-0.00592560394225
-0.0252809900526
-0.00647985549823
0.000664034337755
-0.0262926745022
-0.00990782361686
-0.0156645461241
-0.00881423258361
-0.00786361497133
-0.00997205268109
-0.0167110955846
-0.00346205545121
-0.0075580191553
-0.00710342274831
-0.00225254576038
-0.00429030601552
-0.0149293316483
-0.00931836931641
-0.00654759286224
-0.00457715430083
-0.00448752651009
-0.015633843603
-0.00298244755873
-0.0120582031001
-0.0188530881028
-0.0106116600872
-0.0115331102883
-0.01248535282
-0.00646307178543
-0.00797440163899
-0.015291423467
-0.00736496038564
-0.00659939372644
-0.00403268232269
0.00073927122769
-0.0104126233801
-0.00952219667714
-0.0111054734018
-0.00274348669118
0.00757363582079
0.000962943469756
-0.00539988949415
-0.0064721111133
-0.0083918031368
0.00238327789329
-0.014112352206
-0.0110192453694
-0.016211360172
-0.00827517604919
-0.013052896451
-0.0160761145889
-0.011634225046
-0.00759200313012
0.00348141025849
0.00393899909211
-0.0149004760375
-0.00938936122015
-0.0165748990403
0.00973854146621
0.0159138887112
0.000875167205822
0.00275232473768
-0.00962080709792
-0.00634342160495
0.00946220404349
-0.0363396060303
-0.0167213365891
-0.0214194234445
0.00197962765261
-0.00308827552103
-0.0139056697422
-0.0125043508855
-0.0224628993336
0.00437816865513
0.00870782839887
-0.015508179517
-0.0117690069841
-0.017718627114
0.0247895389716
0.0341220340895
0.00323405995652
-0.00407819228763
-0.0123672910447
-0.0179888718706
0.0144087966266
0.00995217096109
0.0141858757962
-0.0200725388758
-0.0219081125526
-0.00565164009397
-0.0220070857847
0.001118846897
-0.00440257860852
-0.0158612074788
-0.0148622639733
0.0183296243174
0.022282463482
-0.0105025393835
-0.0228670502186
-0.0182081330538
-0.0270365430461
-0.00254595569273
0.0288232751601
0.0116303657771
0.021526649719
-0.0135752914856
-0.00500038150401
-0.00625616388595
-0.0132187497638
-0.00513917686424
-0.00410003442897
-0.00125971700022
-0.0140500905655
-0.0154723140487
-0.00070273962813
0.00772341219257
-0.00241096011456
-0.00756538387728
-0.00161608144735
-0.0210611190834
-0.0143429152572
0.0116816052599
-0.00326057984763
-0.00979141982111
0.0185374588073
-0.0192846889886
-0.0103678894946
-0.0104605618649
-0.0128693117263
-0.00409090838964
0.0108553759437
0.000128958214411
-0.0137121163115
-0.014550942095
-0.00287796014474
0.00222781102192
-0.00630067301031
-0.00139815924926
-0.00754515594877
-0.0149421684086
-0.00819635633822
-0.00425583005308
-0.00267159260508
-0.000445328744192
0.0105081853316
-0.0142376644148
-0.0100999154782
-0.02083501896
-0.0156459147553
-0.0042605122582
0.00766554566486
-0.00151066126279
-0.0150534510954
-0.0154116873538
-0.0117978795492
-0.00790639027638
-0.00262795716132
-0.00488999664394
-0.0129825624973
-0.0104899211987
-0.00556710191634
-0.0115293253649
-0.00700010164768
-0.00778351842525
-0.0013368695411
-0.00722333843543
-0.00826721725111
-0.0240844744735
-0.0114188905132
-0.00734814021117
-0.00493272591063
-0.00281958971277
-0.0129586627056
-0.0141081028937
-0.018185451357
-0.00877134574325
-0.00110432445737
-0.00743563807636
-0.0156164750023
-0.0029345897205
-0.00697025240059
-0.0116927141871
-0.0119978390592
-0.00978327994589
-0.0160197204835
-0.00363166134288
-0.00759860587263
-0.0179576739163
-0.0048632092294
-0.0138356335826
-0.00995618797964
0.00104927110056
-0.00922463252639
-0.00911723696331
-0.0198428328084
-0.00788121269653
-0.000263648015483
-0.00892270332113
-0.00967814984841
0.00784847214011
-0.00343011717094
-0.0104524206549
-0.0157915682794
-0.0137252199682
-0.0279204021967
-0.00311400570464
-0.00459998011663
-0.0112940100873
-0.00317239344441
-0.0156736025729
-0.0155344995969
-0.00716926118234
-0.00270656615616
-0.00384079923142
-0.0249314028138
-0.00798729839159
-0.00153896699686
-0.00782706587954
0.00645510891161
0.019513236813
0.00208216229243
-0.0102595782283
-0.0155497313425
-0.0173548936882
-0.0307086003408
-0.00273705994107
-0.00142525886973
-0.00663569303
0.000499660200256
-0.0133879095268
-0.0163416137596
-0.0167277924355
0.00152877798727
0.00230157879462
-0.0179133240726
-0.0123836546223
-0.0072766323007
-0.00686831249503
0.0182958926776
0.0189934848619
0.00414941452478
-0.00939632107869
-0.0133797964034
-0.014096128359
-0.0283473030732
-0.00142525264625
-0.00084587953103
-0.00248855725104
0.0100054326982
-0.0202800468981
-0.0112597535957
-0.0211673375807
0.00278984584771
-0.0037540524036
-0.000605993597471
-0.0169612238662
-0.0156046607246
-0.00658075274694
-0.000343814009966
0.00745478612616
-0.000960661131542
-0.01104772
-0.00950846229852
-0.0166507559597
-0.00613829194428
-0.0052964631829
-0.00991289186196
-0.0160939604563
0.00575529972048
-0.0167622859113
-0.0107434167488
-0.0313575289298
-0.00424466248434
0.0070128066828
0.00347108588142
-0.0248763157845
-0.012411811102
-0.0117498294991
-0.00204920457576
0.0050994213645
0.00338498114181
-0.00330788007169
-0.0126715883116
-0.007958345535
0.0162935981356
0.00265869537832
-0.00226102182455
-0.0117345557074
-0.0167648501511
-0.0154550497608
-0.000641242701948
-0.0101413558605
-0.0150876880647
-0.0139657214382
-0.00132534766262
0.0162946578951
0.0203587733664
0.0075237774193
-0.0250262049068
-0.00576582238869
-0.00469855320059
0.0116057650272
-0.0119191004371
0.00235266797057
0.011458857561
-0.00415450601777
-0.00178915865896
-0.0155464306426
-0.0138537612638
-0.0124928072627
-0.0248411589908
-0.00875420724428
-0.00863826178729
-0.0112384365938
-0.00731516789878
-0.00695836317374
0.0107117193481
-0.00737837233433
-0.0209168960566
-0.00879642971392
-0.00311952215167
0.00761182057325
0.0220177706454
0.0113563807818
0.00511703459491
-0.0102174484882
0.0040823197044
-0.013347633323
-0.00682089336148
-0.0115830025583
-0.017549988649
-0.00644787106977
-0.00976756951883
-0.0124418626676
-0.00341198727776
-0.00838023904085
0.000938606664664
-0.00669839001398
-0.0221419002619
-0.00350017009913
-0.0031125955881
-0.00459681062095
0.00909026155456
0.00086301605435
0.00203223242942
-0.0165809566159
0.00119518271286
-0.0119651603569
-0.00358513555445
-0.0123953412806
-0.0092188173083
-0.00366094608359
-0.00897453472621
-0.0163542501379
-0.0044393767794
-0.0128603120686
-0.000229069000495
-0.00879465274971
-0.0161897518577
-0.00363516565573
-0.00597015591412
-0.00830328478019
-0.0130827703288
-0.00156148831111
-0.00266577277561
-0.0166737337474
-0.000800851413858
-0.00684295398405
-0.00354493724362
-0.00916376863612
-0.00160138569596
-0.00474711110408
-0.00861487446801
-0.0174614210787
-0.00473494741968
-0.0148512047288
0.00627065343699
-0.00850468163157
-0.0165750612286
-0.00764822002556
-0.0104015211868
-0.0057134460086
-0.0133453320974
-0.00750131860365
-0.0145686880174
-0.0126660930055
-0.00396191444278
-0.00303703153089
-0.00429791090733
-0.00535729172786
-0.00301800127868
-0.0102048949262
-0.00756080632108
-0.0160141203825
-0.00632188319547
-0.0162990457964
0.0106063803316
-0.010307245352
-0.0135025046885
-0.0118280444275
-0.0155169165759
-0.0146618511853
-0.0102367580336
-0.0144643914983
-0.0252065961896
-0.0089133498844
-0.00734648991209
0.00157273893816
-0.00418434027629
0.000184187878231
-0.00649061172594
-0.0156820812895
-0.00322343317601
-0.00759189365995
-0.00514360484722
-0.0177823248988
0.0089915465073
-0.0111713589551
-0.00646737071
-0.0161234595966
-0.0181977222825
-0.0148723011616
-0.00774046328093
-0.0185663138303
-0.0246922368432
-0.011250071052
-0.0123598065806
0.00579654246438
-0.00157158954276
-0.00397960554095
-0.00748546436007
-0.0144287111923
0.00177014518023
0.00681917838969
-0.0115412163749
-0.0171923818586
-0.000766690507322
-0.0129050525417
0.0026994538273
-0.0157543042451
-0.0133697628118
-0.00736768537035
-0.00538984346289
-0.0211213921339
-0.0131080180468
-0.0137607526034
-0.0106987815594
0.0071036573938
0.00486043922838
0.00237977382611
-0.00438998539547
-0.0113329937331
-0.0023782135949
0.0182686547689
-0.0141459323997
-0.0104891841893
-0.0174802368273
-0.0181553464829
0.00586379464546
-0.0127633401861
-0.00103538571121
-0.00531736863133
-0.00543255286699
-0.0116366512124
-0.0390692289492
-0.0143248831167
-0.0142028137093
0.00963682210289
0.0179149144222
-5.38194651986e-05
0.000789944432575
-0.0233566022039
0.010014772029
-0.0074376105822
0.0029883317473
-0.0193454845799
-0.0218919648425
-0.0187000662392
0.0144499378867
0.0162626604919
-0.0185008989813
-0.00836624236806
-0.00170648178056
-0.0124473435997
-0.0151479645668
-0.00742449154608
-0.0404058909245
-0.00177826740797
-0.00700821815947
-0.0113107480397
-0.0175923290792
0.00628713617917
-0.0211723173679
-0.0129523617899
-0.0201842462933
0.00525155924793
0.00746247724589
-0.0183642653232
-0.0263404527597
-0.00562432387242
-0.00468073287963
0.00241405926713
0.0172939427204
-0.0232288402877
-0.0142064329637
-0.000103567548444
-0.0123757387521
-0.0025873983308
-0.00485871105438
-0.0111078974685
0.00109526031702
-0.00617457181427
-0.0150683864618
-0.0143450673697
-0.00178112968283
0.00551725785242
-0.00299426792777
-0.00964781097452
-0.0178405313213
-0.00465254833192
-0.01132806415
0.00485582008542
-0.00633876695741
-0.00487952997366
-0.00584000174547
-0.00311356272316
-0.00120331938392
0.00595648962141
-0.0091076968374
-0.00718681131819
-0.00932357428164
-0.0226873764076
-0.0117988710947
-0.00685430197133
-0.00048092763289
0.0014463932475
-0.000402233804869
-0.0219098200768
-0.00949514925825
-0.0021496726544
-0.0110786962402
0.000585638740982
-0.0073818775023
-0.00910389588162
0.00127431180378
-0.00595171171766
-0.0111878544524
0.00377282890017
-0.00563543672445
-0.00839322931068
-0.0178691546174
-0.0148446392056
-0.0108748606777
-0.00339452629593
-0.00247428712795
-0.00102326876859
-0.00506794088998
-0.0212449096417
-0.00418429175856
0.00164285375262
-0.00973969869203
-0.0132205561077
-0.00372545117644
-0.0128206833411
0.00173285659086
-0.00402254292319
-0.0197231956718
-0.00716352308788
-0.00400475026095
-0.0105404645371
-0.0150589671244
-0.0188174863364
-0.00715116531142
-0.00366674432779
-0.00884010250146
-0.000636420082121
-0.0109702445047
-0.0207829259947
-0.00153149760181
-0.000894178110427
-0.0135448609071
-0.0181256869135
-0.00275199091876
-0.0158745026841
-0.00329019752753
-0.000134363033306
-0.0143043584543
-0.0181060375637
-0.00261162166219
-0.0126976486282
-0.00877307656351
-0.0183795338782
-0.00248247088102
-0.00559928791692
-0.0136638790121
-0.000434127631695
-0.0142063105068
-0.00881011114363
-0.00678760907602
-0.00518269015608
-0.0150495101052
-0.0149217369233
-0.00317251876447
-0.0130720791564
-0.0101663765051
0.00103960097647
-0.00682112967382
-0.0247538800084
-0.00218707267596
-0.00740145052334
-0.00335160549612
-0.01507465934
0.000407753866129
-0.00654331513119
-0.0161933707687
-0.00259008510768
-0.00970017021668
-0.00740488218792
-0.0067490844478
-0.00850367312163
-0.0147445236365
-0.0147964002807
-0.00206788710982
8.56759213121e-05
-0.0141880280448
-0.00191500212556
0.00243504779933
-0.0225243809116
-0.00470382319528
-0.000288149241254
0.000808649429471
-0.0143443413894
0.00374993465978
-0.00199093051981
-0.0141864834288
-0.00834233772088
-0.0126964034312
-0.00985223528
0.0016665832158
-0.00994761935185
-0.0137189717872
-0.0165562287338
-0.00128897666877
-0.00277405850539
-0.0207924061344
-0.00790882010932
0.0115819430077
-0.0114314628533
-0.00819010751075
0.00795681791196
-0.000322723584062
-0.00865186537568
0.00988539754537
0.0047916962529
-0.00762039827853
-0.0176443498912
-0.0100407774905
-0.00818781752817
0.00688663293556
-0.0118294104681
-0.0122933685425
-0.0200644523307
-0.00353243589844
-0.0131617670555
0.0042555638658
-0.00519592279072
0.0101368377304
0.00833006730139
0.0147179578759
0.00368830555416
0.00194921896531
-0.0157126066251
0.026883916063
0.0216217518508
-0.0197232446347
-0.0138794654569
-0.0229982427034
-0.00702669804978
-0.00354201721574
0.00754770652073
0.00054036307436
-0.0276407024011
-0.00202001994016
-0.0185612524806
-0.0141225093581
-0.0126696478736
-0.00433404367384
0.00542816981988
-0.0081813042625
0.00173923153551
0.000976880366906
-0.0092895205397
-0.0134434084878
-0.0132718073947
-0.0147233528723
-0.00762533390717
-0.0278128391024
0.00150068169766
-0.0380298155992
0.00378922154345
-0.02235229619
0.0241628947142
-0.0107283361033
-0.0219161032237
-0.0162298412136
-0.0122054295274
-0.0298728116812
0.00291434592643
-0.0135012472382
0.00932654440401
-0.0214474490663
-0.00219824732782
-0.0168738357209
-0.00703623377496
-0.0178347399371
0.000705247209819
-0.0153252778003
-0.00279286862784
-0.0145707352923
-0.0138877908892
-0.00154264685418
-0.0124044732026
0.00585998133749
-0.0123561920925
-0.0129503731077
-0.0138121749823
-0.0293655793272
0.00133915429151
-0.0048376025478
0.00660531793469
-0.0181966872611
-0.00300091200741
-0.011421783812
-0.00378854075491
-0.0252940195326
-0.00889489792907
-0.0146921550771
0.00222545089453
-0.0124295094739
-0.0114819913719
0.00878864186929
-0.0115969049072
-0.00116924324766
-0.0186995237727
-0.00956277437627
-0.0086400949574
-0.0181773888249
-0.00653899348027
-0.00951225094208
0.00597517764382
-0.0150546919534
-0.00286273549139
-0.01031431824
-0.00341635350816
-0.0240796769378
-0.0111609115187
-0.0146358204452
0.00257871536008
-0.0126869313788
0.00109675506697
0.0109325457823
-0.0155337906694
-0.011990361344
-0.0174043491728
-0.00580295459269
-0.00689491121964
-0.00457499287713
-0.00949190281605
-0.0130088055282
0.000260504799091
-0.00666003234872
-0.00713113801364
-0.0137993680342
-0.00535004692235
-0.0173434878863
-0.0105191615733
-0.0118034037281
-0.00283525344349
-0.0110978264214
0.00984563515741
2.57334585465e-05
-0.0116508413384
-0.0159068919656
-0.00942506647666
-0.0015807721211
-0.00558781975039
0.00142510268747
-0.0100841847414
-0.012525559139
-0.00481162473338
0.0009822592539
-0.00708889480607
-0.0178408968661
-0.00804312129582
-0.00995463040256
-0.00935603194798
-0.0104845442759
-0.0134972396371
-0.00891524287998
0.00954373690585
-0.00942233860321
-0.00519882207688
-0.01867924195
-0.000973759357874
0.00591261831956
-0.00150871111328
0.00306758268394
-0.00800906446905
-0.0143512432992
-0.00936831531104
0.005694762649
-0.00520184263114
-0.0190543318761
-0.0076118844741
-0.00311111143736
-0.00659040914751
-0.0134418907594
-0.023655325549
-0.00491859529015
0.0044801082328
-0.0162681729912
-0.00234820107325
-0.0208449184611
-0.00496521587817
0.00343429400545
0.00608655798666
0.00333892283606
-0.00435706020708
-0.0101853747199
-0.016869609109
0.00839328295438
0.000206696566276
-0.0136136891031
-0.0064930382073
0.004307079265
-0.00367105393741
-0.0148060591755
-0.0221994711846
-0.00066619771903
-0.00192381184356
-0.0133150739739
-0.00572851960277
-0.0121544556795
-0.00361612621262
-0.00210273854538
0.00832701870948
0.00173448852836
-0.0107772969528
0.00242301245677
-0.0352939396769
0.00241491625655
0.00499291588094
-0.00561400041642
-0.00788170759709
0.00650629356015
0.00139694920833
-0.00344913708841
-0.00953466073264
-0.00333925309187
-0.00566865267061
-0.00697319359926
-0.0151152406891
-0.00951882643507
0.00206335011573
0.00586553283917
-0.00350266818104
0.00228771297692
-0.00371729777313
0.000583675587569
-0.0210367823059
-0.00290299799934
0.00196058975157
-0.000807722082651
0.00545874812781
0.00661152456221
-0.00912600098666
0.0198768242624
0.00240926310196
-0.00687913689606
-0.0173027565116
-0.00470443361173
-0.0140151622335
-0.00524809371395
0.00775873579487
-0.00934631488916
-0.0279397786549
-0.0114641214835
-0.0160571824347
-0.0101285428397
-0.00868822231819
-0.0196877128112
0.000653593076837
-0.00212410662911
-0.0290157829873
-0.00877669250468
-0.00229392712852
-0.0090439903353
-0.00443630227648
0.00575452906356
0.0061277196348
-0.00157142480172
-0.00892317964275
0.00209821964547
-0.0201273564439
-0.0119853375763
-0.0172469602384
-0.0228430140578
-0.00752208873629
-0.00909255139951
-0.0135461341377
-0.0134108610664
-0.00373212046721
-0.00313301761376
0.00761631016762
-0.00313794540471
-0.0076221229525
-0.0112027090128
-0.00388521694207
-0.00874153066948
0.00066208766877
-0.00282681247398
-0.0093623192458
0.00283901252295
-0.00664638488794
-0.00554339119193
-0.0144211685647
-0.0168768566774
-0.00077259387741
-0.00495392368988
-0.0115033520351
-0.0106115141235
-0.01067840791
-0.00543454648655
-0.00209443782856
-0.00219094602142
-0.00301074172784
-0.0171793739399
0.000825070729791
-0.0064034238333
-0.0182387926208
-0.00114944973059
-0.0153908484367
0.000530315779543
-0.00886650694155
-0.00330893892723
-0.0124476873616
-0.0157533169326
0.000340470774579
-0.00718615917649
0.00341080091621
-0.0141569996657
-0.0113189426922
-0.00639364147202
-0.0144666936208
-0.00262928708523
-0.00269974657026
-0.0191064398832
-0.00104974823475
-0.00197692390772
-0.0212910912128
-0.0102227373146
-0.0141230805842
-0.00335901763149
-0.00561047145956
-0.00560496092996
-0.00924676027787
-0.0119893488692
0.00288167599536
-0.00911053564333
0.00406646555689
-0.0196719894451
-0.0101710142561
-0.00904558676457
-0.0175406239735
-0.00918832969256
-0.0069074285651
-0.0202288542585
-0.00979876354794
-0.000865983522336
-0.00995151475406
-0.0231931004319
-0.00623788902929
-0.00363749902872
-0.00308453893132
-0.00912646124041
-0.00289965463467
-0.00947433087602
-0.000603230012937
-0.00967324399575
-0.000836965151935
-0.0184545938423
-0.0113529974525
-0.00986408455863
-0.0162770443141
-0.0154267828551
-0.0105756554437
-0.0187691432924
-0.0101730799379
-0.0054438595844
-0.00618125681442
-0.0250328297906
-0.000464771592256
-0.00823936474701
-0.00129956175552
-0.00770537869279
0.00361539497169
-0.00706575352827
-0.00316790107441
-0.0104060020164
0.00115289976327
-0.00703307868303
-0.0172379822537
-0.00676425071128
-0.0131232478072
-0.0199516937404
-0.0103164062875
-0.0107220250016
-0.00381195629003
-0.0132627422914
-0.00783431628371
-0.0215257550007
-0.00234852474269
-0.00631559341303
0.00379620363259
0.00152223221331
0.00872494085333
-0.0054093167536
-0.00343526404032
-0.0065276027659
0.00477445471196
-0.00675854230662
-0.0233969361665
-0.0022470400168
-0.00945794805282
-0.0167801694793
-0.0057321251841
0.00403816502975
-0.00342628692281
-0.0162509953105
-0.0089165642607
-0.0165271528845
-0.0123946991612
-0.00764684288105
0.00344326999389
0.00998841389355
0.0169776297269
-0.00596076719806
-0.00575332195616
-0.00626775798511
-0.0024643881052
-0.0141540601082
-0.0194985555024
-0.00810652193913
-0.00897100799336
-0.014035787297
0.000716477107676
0.0194054878534
-0.00389604230768
-0.0137323358644
-0.0142091039513
-0.00828159623302
-0.0127882338427
-0.0160439310075
0.00754052159733
0.00903768291798
0.0204022854626
-0.00172628242056
-0.0149732422647
-0.0107835392372
-0.00981328677439
-0.0271130876868
-0.000464396234236
-0.0242918822732
-0.013960603203
0.00310085804121
0.00977682077171
0.0110907585834
-0.00358303020185
-0.0206797607766
-0.013421903457
-0.0298016788176
-0.0112311992084
-0.0330387632689
0.0234629341977
-0.0223833474603
-0.0044422694425
-0.0139697703937
0.00900342053179
0.0176132920678
-0.00765182562286
-0.0157512413822
-0.0140584910157
0.029243737615
0.0117946429921
-0.0143730440558
-0.0308911395698
0.00117923960891
-0.0128292352836
-0.00904473570489
0.00294483017901
0.00382656904734
-0.0146363389615
-0.0175909872545
0.0036566617857
-0.00995073847363
-0.00909220889047
-0.00911272811027
0.000566734705553
-0.000373272538625
-0.00232736042147
-0.00865727431463
-0.00893099188383
0.00101352647101
-0.00260620378726
-0.00479346989526
-0.0186138852861
-0.00253992516975
-0.00385183928962
0.009017740915
-0.00107212845345
-0.000253723153242
-0.0086675320904
-0.0192919271688
-0.0151623957521
-0.00909467054211
-0.00532815389655
-0.0103281365643
0.00308850417864
-0.00505043112944
-0.00347877854669
-0.00947106097745
-0.0118602070966
0.00190129820435
0.00489785462265
-0.00341832521419
-0.0195632097933
-0.0076705869966
-0.00919460414108
0.0195776535222
-0.00769110415099
0.00148116920025
-0.010602791103
-0.0114867717242
-0.0119511819873
-0.0055811649691
-0.00416770526707
-0.0138016412426
0.00686103757295
-0.00953821829551
-0.00655040358059
-0.0115818746157
-0.0133865588846
-0.000610428720711
0.00705167931729
0.00130195764379
-0.0174674408759
-0.0118426150574
0.000877420869675
0.00902590730756
-0.00734847473084
-0.00188437475186
-0.00557356537534
-0.00818874238316
-0.0142444803024
-0.0125809308491
-0.00512330908912
-0.016921458092
0.00074322255663
-0.00852812761307
-0.010589794893
-0.00679996919508
-0.0157915550981
-0.00280269260544
0.004287986294
0.00196836684243
-0.0148342156035
-0.0129931785407
-0.0030859586352
0.00176981575099
-0.00722512434126
-0.00311400185608
-0.00558288353668
-0.00402715778828
-0.0128821878176
-0.018192046694
-0.00649238755625
-0.0162107001623
-0.0113806145417
-0.00825592919303
-0.0124652875062
0.000788895711914
-0.0155373743602
-0.00563850608982
-0.00570644135238
-0.00121881244525
-0.0131914511585
-0.0134413819831
-0.00760579867114
-0.00417299469212
-0.004937799607
-0.00120799676943
-0.0096019935198
0.000389523242997
-0.0102942094628
-0.0139567042229
-0.00672038739708
-0.0122545401538
-0.0132009984722
-0.0103244953545
-0.0129238990082
0.00178292523436
-0.00850833670887
-0.0107673971132
-0.0159100957628
-0.0125896702953
-0.00893393444744
-0.014332750887
-0.0135421949045
-0.00994503859492
-0.00481990553272
-0.00142767175282
-0.015612432017
0.00125764830287
-0.00569422751181
-0.00471140856246
-0.00648366778751
-0.00831604646111
-0.0146251844094
-0.0156987721189
-0.0140774068199
-0.00616433163865
0.00163887856387
-0.0167720403963
-0.0205933295181
-0.0125392810401
-0.00333024431852
-0.0119895946269
-0.0187659216893
-0.0140130732156
-0.0126492729584
-0.00197637111169
-0.0105794597595
-0.00070801358359
-0.00014811312478
-0.000370915905914
-0.0064106162851
0.000997018847779
-0.0191877739124
-0.00994960587454
-0.00964037063079
-0.00798402206683
0.000869317187521
-0.020233391407
-0.0182347223408
-0.00865097362874
-0.00205319557804
-0.00408578052015
-0.0124483877383
-0.0125183179678
-0.00849974949111
-0.00891204794943
0.00300086174415
-0.00429161857614
0.00504436189957
0.00544202229336
-0.00072544545696
-0.00362980571171
-0.0250870816231
-0.0219425370052
-0.000779295320442
-0.006331152144
-0.00678621653997
-0.0182588502576
-0.033578913055
-0.00227434031351
0.019245378874
-0.0208314918415
-0.0157729447784
-0.0196639852808
-0.00817648163756
0.0153225057825
-0.00718584335398
-0.00394533420886
-0.0100135966656
-0.00420111013374
0.0102561341804
-0.00561444270374
-0.00811293917171
-0.0109856723784
-0.00970519836156
-0.0157160740377
0.0134683503554
0.0229946547746
0.000338288323736
-0.0336649991716
-0.00853614453206
0.0047451123485
0.0150340489963
0.0195830219227
-0.0119663550457
0.00179894813375
-0.000345285260137
0.00635682723608
0.00394575641253
0.00536024785805
0.00244750440454
-0.00588536676455
0.0011774451685
0.00202033473617
-0.00676887503274
-0.022592271521
-0.0108530391428
0.0125222854235
-0.0101520460671
-0.0143808175712
-0.0250821493913
-0.00402471855959
0.00733218095026
-0.000687726371157
-0.00814957954999
-0.00645510191251
-0.0027036568943
-0.000708100509251
0.00460515928826
-0.00391012235221
-0.00589811240691
-0.00807645107055
-0.0102552078277
0.00220649055601
-0.00843087551507
-0.0152443950255
-0.011635619459
0.00517986271291
-0.00368879861102
-0.0203361903299
-0.0228143355137
-0.00603510181363
0.000260166670952
-0.00806137617971
-0.0151502943175
-0.00697185825066
-0.00583374406968
-0.0126739103352
-0.000727239399365
-0.0179397454194
-0.0105620264092
-0.014530874449
-0.0180880846966
-0.000895137615046
-0.00734070215816
-0.0121267361882
-0.0112639469763
0.00708357327389
-0.00750725818607
-0.0144767370196
-0.022427746854
-0.00791636824079
-0.00381022975997
-0.0156506561291
-0.0141122255187
-0.00922426758699
-0.0129409907245
-0.00911539919449
-0.000566757376664
-0.0137108755137
-0.0129636135248
-0.0165731069131
-0.0284395218285
-0.00540943197032
-0.00796839229145
-0.0182500644378
-0.00767964632021
0.00725210670515
-0.00903197055954
-0.00960531516511
-0.0142619230207
-0.00554668156804
-0.00130517408437
-0.0138456465093
-0.0125923058929
-0.012329634903
-0.0210572167141
-0.00322290000411
-0.0151450292884
-0.0135938893111
-0.0159950073739
-0.0144292709695
-0.022830016952
-0.00404654951211
-0.00911987907884
-0.024429874467
-0.00559871030886
0.00585983202187
-0.00947169546488
-0.00328377595999
-0.00600725126259
-0.00190635532885
0.00121596745865
-0.00961929007671
-0.0121493039961
-0.0141496558895
-0.0226633725426
-0.000773390308467
-0.0127242545492
-0.0132774193335
-0.0200281881997
-0.0118239630922
-0.0108993013038
-0.00698371455109
-0.00904664136935
-0.0199776746609
-0.00476859284817
0.00271244049516
-0.00952178700638
0.000811009219517
0.00364769339712
0.00196386262408
0.000765348489425
-0.00550322197122
-0.0119196994194
-0.0136097883967
-0.0208865336804
-0.0086764841051
-0.0131777683502
-0.01106307489
-0.0158213369123
-0.00771627146524
-0.00655632529324
-0.0116143065211
-0.00863664366181
-0.0081422720934
-0.00309480116516
-0.00387435304805
-0.0122059169611
0.00257302170713
0.00943115265913
0.000981934303977
-0.00644852420112
-0.00684685002684
-0.00711999634462
-0.00572325249934
-0.0150546926818
-0.0163581935362
-0.0218616438211
-0.00696884661043
-0.00783297266409
-0.00202754733288
-0.00362607008866
-0.0178827025024
-0.00676932043163
0.00428373726209
-0.000900254852989
-0.0109723205174
-0.00877480964838
-0.00535154947964
0.011663659276
-0.00466091536967
-0.0173882594411
-0.00689149561705
-0.0054175539515
0.00873059851002
-0.00505342314272
-0.0121871794912
-0.0254097531648
-0.0155165039687
0.0128910918376
-0.00036987993241
-0.00493643946511
-0.00887614082332
0.00304659169997
0.00844033184247
-0.00519395457649
-0.00694572743373
-0.0142935481872
-0.0119279068965
0.00698394585468
-0.00412493606203
-0.0213478049209
-0.0235221276655
-0.00597076067471
0.0222460843301
-0.00389285611551
-0.00736586271194
-0.0329436570092
)
;

boundaryField
{
    ground
    {
        type            hydrostatic;
        gradient        uniform -0.0327;
        value           nonuniform List<scalar> 
400
(
-0.0176587462894
0.00193219851803
-0.00546267818293
-0.0117856411111
-0.0245305476186
0.00657679012834
-0.0142820266728
-0.0109114266888
-0.00942185429566
-0.00352467165258
-0.00620622010419
-0.00121872180096
-0.00763022932643
0.0127737966266
0.0146585981356
-0.0167829645668
-0.0157575093581
-0.0109813148892
-0.0240183474603
-0.00583611013374
-0.0187302211006
-0.00873936869606
0.0214974821926
0.0194300985172
0.0121689394792
-0.005956046084
-0.0271318920197
-0.00821076197523
-0.0121683255873
-0.00404512552701
-0.00677661830864
-0.0136267902607
-0.016061489177
0.00831717096109
0.00102369537832
-0.00905949154608
-0.0143046478736
-0.0295747786549
-0.0060772694425
0.0086211341804
0.0139459324236
0.00096723162086
-0.00161443394698
-0.0089333159003
-0.00677074262797
-0.00758312372074
-0.0156279347428
0.0210981338507
0.0150378276269
-0.01817474204
-0.00742966494207
-0.0115819883846
0.0154296535961
0.0125508757962
-0.00389602182455
-0.0420408909245
-0.00596904367384
-0.0130991214835
-0.0156047703937
-0.00724944270374
0.00145732646061
-0.010034837476
-0.0106963392738
-0.00514929624068
-0.0251116368413
-0.0236579964908
0.0154884792111
0.0247746633465
0.00566980362523
-0.0201887315422
-0.00747167900335
-0.00683121448485
0.0236247851533
-0.0217075388758
-0.0133695557074
-0.00341326740797
0.00379316981988
-0.0176921824347
0.00736842053179
-0.00974793917171
-0.0110483165487
-0.0137047414331
-0.0207065739449
-0.0171713976755
-0.0241172433137
-0.003652690712
-0.00931166196764
0.00153066285943
-0.00689331306287
-0.0268926909224
-0.0327504558269
-0.020953008057
-0.00042993884005
-0.0235431125526
-0.0183998501511
-0.00864321815947
-0.0098163042625
-0.0117635428397
0.0159782920678
-0.0126206723784
-0.0192784862907
-0.0236250080503
-0.0252748665542
-0.0271971827585
-0.0188067853532
0.0127717927447
-0.0113565544071
-0.017981343505
-0.030116865291
-0.010365896274
-0.00692865071215
-0.0115346983821
-0.0197001526285
-0.00728664009397
-0.0170900497608
-0.0129457480397
0.00010423153551
-0.0103232223182
-0.00928682562286
-0.0113401983616
-0.0163238645544
-0.0182981021279
-0.0174654416231
0.00090816246885
-0.00040077185172
0.00286132880215
0.00654262042145
-0.00987884778379
-0.00382914072224
-0.00857337203087
-0.0131292970036
-0.0086246502296
0.0166549610692
-0.0236420857847
-0.00227624270195
-0.0192273290792
-0.000658119633094
-0.0213227128112
-0.0173862413822
-0.0173510740377
-0.0182222940556
-0.0388533261568
-0.0218423039262
-0.00379607273386
0.00827687425413
-0.00695278702411
-0.00515461034697
-0.00775385486696
-0.0261677585069
0.00407569804398
-0.0113087966044
0.0189021949368
0.0202572483099
-0.000516153103
-0.0117763558605
0.00465213617917
-0.0109245205397
-0.000981406923163
-0.0156934910157
0.0118333503554
0.00267255728479
-0.0205179751522
-0.0218333017256
0.0087382436083
-0.00869132179879
-0.00486701035892
-0.0138301810364
0.0076538278267
-0.0106021826444
-0.0216367914902
-0.0102409370507
-0.0118419909359
-0.00138613824617
-0.00603757860852
-0.0167226880647
-0.0228073173679
-0.0150784084878
-0.00375910662911
0.027608737615
0.0213596547746
-0.00682005857542
-0.0129510013844
-0.00237526179402
0.019076620357
-0.0255991869298
-0.0101460584194
0.0112622760279
0.0167300834605
-0.00215440057915
-0.00349790180104
-0.0075350530274
-0.0230314489243
-0.00177117787522
-0.0174962074788
-0.0156007214382
-0.0145873617899
-0.0149068073947
-0.0306507829873
0.0101596429921
-0.00129671167626
-0.00464579258903
-0.00704415514362
0.0109183840415
-0.0043920960344
-0.0271206331499
-0.0220846136712
-0.00900119595698
0.0186079924563
-0.0241109171991
-0.00426179654323
-0.015627433198
-0.0151394436681
-0.0232994991351
-0.0164972639733
-0.00296034766262
-0.0218192462933
-0.0163583528723
-0.0104116925047
-0.0160080440558
-0.0352999991716
-0.0314247602549
-0.0167419172033
-0.0128165297016
-0.0129911169364
0.0109843433209
-0.00992519220621
-0.00368393294528
-0.010425117711
-0.0249802924739
-0.0109601308769
-0.00977558887788
-0.016367374869
-0.0100107498667
0.0166946243174
0.0146596578951
0.00361655924793
-0.00926033390717
-0.00392892712852
-0.0325261395698
-0.0101711445321
0.00194747348124
-0.0226016344858
-0.0108229334241
-0.0289922413823
0.00180594231583
-0.00197667654534
-0.0372656497213
-0.0111683961128
0.0019614627764
0.0157660179487
-0.0145800410576
-0.0100920005609
-0.00509221896449
0.020647463482
0.0187237733664
0.00582747724589
-0.0294478391024
-0.0106789903353
-0.00045576039109
0.0031101123485
0.0113322181733
-0.00391746271756
-0.00695515696244
-0.0196173450797
0.0306937265395
0.0207019858767
-0.016745515927
-0.00589445706461
-0.0189352278313
0.0154977193496
-0.00522485783587
-0.00522683741057
-0.0152080955804
-0.0121375393835
0.0058887774193
-0.0199992653232
-0.00013431830234
-0.00607130227648
-0.0144642352836
0.0133990489963
0.00620590369497
0.0094680587319
-0.0139591119455
-0.0226710078852
0.00181014222611
0.0114741254074
-0.01548953082
-7.333564878e-05
-0.0123944048829
-0.00841409835095
-0.00123402259767
-0.000821709733131
-0.025780089032
-0.0245020502186
-0.0266612049068
-0.0279754527597
-0.0396648155992
0.00411952906356
-0.0106797357049
0.0179480219227
-0.0139895725416
-0.0355349401632
-0.0171362520457
-0.0170645179748
-0.00762472340506
-0.00958381045056
-0.017207855395
-0.00543283477342
-0.00923710576295
-0.00822111247317
-0.00554315830215
-0.0233201783669
-0.0263221583242
-0.0198431330538
-0.00740082238869
-0.00725932387242
0.00215422154345
0.0044927196348
0.00130983017901
-0.0136013550457
-0.00561954016887
-0.0148974185598
-0.0290972548017
-0.00780853377662
-0.00641692079051
-0.0250592560383
-0.00191460765885
-0.0135197427691
0.00279023995778
-0.00293004691198
-0.0209875336651
-0.0174253380424
-0.00383162323776
-0.0286715430461
-0.00633355320059
-0.00631573287963
-0.02398729619
-0.00320642480172
0.00219156904734
0.00016394813375
-0.010084864411
-0.00575237233334
-0.00326758947372
0.00057958843271
2.019393856e-05
-0.00899427562475
-0.0056901507579
0.0106961154913
-0.00217548392719
-0.00714384880526
-0.00623183171069
-0.00452635371657
0.0086871211438
-0.00418095569273
0.0099707650272
0.00077905926713
0.0225278947142
-0.0105581796427
-0.0162713389615
-0.00198028526014
0.0099941431035
-0.00142433213886
-0.00246651304139
-0.00125357381185
-0.0100353435291
-0.0222184041092
-0.0120715692778
0.0138811039295
-0.0164090141174
-0.0183166229288
-0.00707333055959
-0.0349764062395
0.00401671317173
0.0271882751601
-0.0135541004371
0.0156589427204
-0.0123633361033
0.00046321964547
-0.0192259872545
0.00472182723608
0.0134940178671
0.0139735878305
-0.0238664075407
-0.01306715838
-0.0140974361187
0.0087458774305
-0.0134259582842
-0.0166490207828
0.00663332166963
-0.00435296310484
0.00250826031574
-0.0133311292381
-0.020174808004
0.0099953657771
0.00071766797057
-0.0248638402877
-0.0235511032237
-0.0217623564439
0.0020216617857
0.00231075641253
)
;
        gradPcoeffName  gradPcoeff;
        buoyancyName    bf;
    }
    top
    {
        type            hydrostatic;
        gradient        uniform -0.0327;
        value           nonuniform List<scalar> 
400
(
-0.0192376348405
-0.00200882404969
0.0097022153886
-0.00055874861461
-0.0124639629791
-0.0260219144568
0.00496642612443
0.00772923772327
0.00086202734706
-0.0058737418126
0.0090583903104
0.0205333712465
0.00782720404349
-0.00777329194428
-0.0407042289492
0.0026205638658
0.00423053283917
0.00740268291798
0.00380702229336
-0.0171515039687
-0.0110066454805
-0.0153493790792
-0.0017049217453
-0.025624929747
-0.0115516202468
-0.0210097931435
0.0190480087826
-0.0140389123246
-0.0108139261079
-0.0189287178146
0.0202376454007
0.0108783772178
-0.0379746060303
-0.0069314631829
-0.0159598831167
-0.00683092279072
-0.00513766818104
0.0187672854626
-0.00236044545696
0.0112560918376
-0.0147471208383
-0.00969373854041
-0.00900669740386
-0.0210082097205
-0.00530701255182
-0.000802754095146
-0.00305035524993
-0.023703991804
-0.0125886987798
-0.0220034718504
0.0059010112943
0.00215580394867
-0.0183563365891
-0.011547891862
-0.0158378137093
0.0085018377304
0.00065271297692
-0.00336128242056
-0.00526480571171
-0.00200487993241
-0.00393046061563
-0.000909487511694
-0.0261900286068
0.0126060502285
-0.0003065505735
0.0158892683517
-0.00945938505163
-0.0173519941471
-0.00534660757952
-0.0105350757827
-0.0251055681372
-0.00860351813231
-0.0230544234445
-0.0177289604563
0.00800182210289
0.00669506730139
-0.00535229777313
-0.0166082422647
-0.0267220816231
-0.00657143946511
-0.0235826558487
-0.00724193705153
0.00383114213502
0.0207729234151
0.0114366507791
-0.028167489592
-0.0412727902906
-0.0159722700127
-0.0127573523062
0.0182630851662
-0.00699686238631
-0.00245709272538
0.00034462765261
0.00412029972048
0.0162799144222
0.0130829578759
-0.00105132441243
-0.0124185392372
-0.0235775370052
-0.0105111408233
0.00393789628487
0.0222519667272
0.00095634405508
-0.00100676905065
-0.0174372540242
-0.00792539871067
-0.0222769870106
-0.010558326939
0.00756540254792
-0.0168863839108
-0.00013224608551
-0.00969638280564
-0.00472327552103
-0.0183972859113
-0.0016888194652
0.00205330555416
-0.0226717823059
-0.0114482867744
-0.00241429532044
0.00141159169997
-0.00029849877002
0.0125366789402
-0.00322382319594
-0.0181602620503
-0.0229687709127
-0.0108242267485
-0.0204781468758
1.777180414e-05
0.00569600453829
0.00126170280228
-0.0175052641696
-0.0180918934986
-0.0155406697422
-0.0123784167488
-0.000845055567425
0.00031421896531
-0.00453799799934
-0.0287480876868
-0.007966152144
0.00680533184247
-0.0100191723906
-0.000663520565784
-0.0005321721735
-0.0115694062173
-0.0218138755813
-0.0126549489166
0.004489224484
-0.0235455041835
0.00648108382197
-0.0168334157306
-0.00968065544536
-0.00474529236458
-0.0141393508855
-0.0329925289298
-0.0249916022039
-0.0173476066251
0.00032558975157
-0.00209939623424
-0.00842121653997
-0.00682895457649
-0.0267117708438
-0.0145073513081
0.00071157614197
-0.0235543117185
-0.00564831105306
-0.0144732654529
0.00590688398901
-0.0242818476855
-0.00270858702044
-0.00012032292435
-0.00510105580365
0.00011725119506
-0.0240978993336
-0.00587966248434
0.008379772029
0.025248916063
-0.00244272208265
-0.0259268822732
-0.0198938502576
-0.00858072743373
-0.0174817170479
-0.00022302723074
-0.00824311261948
-0.0137306351936
0.0159156830333
0.0093219596983
0.0072942125585
-0.0107081436155
0.00441111457149
-0.0151402120433
-0.00691695870515
0.0178203830287
0.00274316865513
0.0053778066828
-0.0090726105822
0.0199867518508
0.00382374812781
-0.015595603203
-0.035213913055
-0.0159285481872
0.00616763407743
0.0095093642672
-0.021009313744
-0.00274913046752
-0.00019845474741
0.00513917640515
0.0131916686641
-0.0150387237566
-0.00192122812006
0.00665559237336
0.0106889725207
-0.00206623706865
0.00707282839887
0.00183608588142
0.0013533317473
-0.0213582446347
0.00497652456221
0.00146585804121
-0.00390934031351
-0.0135629068965
0.0204633460054
0.0107483077753
0.00275280062432
-0.0111798824895
-0.0166888594266
-0.00582686913214
-0.017368650365
-0.0138023403911
-0.00964367479054
-0.000714683117956
0.00343454190143
-0.016792466735
-0.017143179517
-0.0265113157845
-0.0209804845799
-0.0155144654569
-0.0107610009867
0.00814182077171
0.017610378874
0.00534894585468
-0.0329999993024
-0.013501947372
0.00612060822137
-0.028821454143
-0.0192494858901
-0.0124300258503
-0.00766546479002
0.00032815937064
-0.0170124115613
-0.0147102518099
-0.0122764262344
-0.0110419445105
-0.0134040069841
-0.014046811102
-0.0235269648425
-0.0246332427034
0.0182418242624
0.0094557585834
-0.0224664918415
-0.00575993606203
-0.0249956662856
0.00231418986392
-0.00026847003255
-0.0117289830243
-0.0290827454626
-0.00579006337271
-0.00809509529069
-0.0361325764971
-0.0210236962653
-0.0207262342794
-0.0247896841801
-0.0302646015901
-0.019353627114
-0.0133848294991
-0.0203350662392
-0.00866169804978
0.00077426310196
-0.00521803020185
-0.0174079447784
-0.0229828049209
-0.020197009592
0.0179064252189
0.0289591986146
0.0100721835289
-0.0190082053853
-0.0127380677913
0.00337651740269
0.0100273658337
-0.00202367720218
-0.0174561227285
-0.0275557779307
-0.00261483376113
0.0231545389716
-0.00368420457576
0.0128149378867
-0.00517701721574
-0.00851413689606
-0.0223147607766
-0.0212989852808
-0.0251571276655
0.00149606237514
0.00570665894647
0.0193134143251
-0.00329691747749
-0.0141520599595
-0.0137397902088
0.0209399487918
0.0234155357932
-0.00050192973631
-0.00502060757272
-0.0212921680177
0.0136460364471
0.0324870340895
0.0034644213645
0.0146276604919
0.00591270652073
-0.0189377565116
-0.015056903457
-0.00981148163756
-0.00760576067471
0.00319004700142
-0.00357480965814
0.0169246950636
-0.0005107333422
-0.0119259917465
0.00595755771332
-0.000706659566477
-0.0133514701582
-0.00842693659123
-0.014983320271
-0.0134856204084
-0.00358037507761
0.00159905995652
0.00174998114181
-0.0201358989813
-0.00109463692564
-0.00633943361173
-0.0314366788176
0.0136875057825
0.0206110843301
0.0095726164189
-0.00447345591034
-0.00739241244284
0.0084205116777
0.00348556761842
-0.0183143653798
-0.0278156257108
-0.0265600065275
-0.0103104137247
-0.00889234201946
-0.00355787786254
0.00716801289062
-0.00571319228763
-0.00494288007169
-0.0100012423681
-0.0292757024011
-0.0156501622335
-0.0128661992084
-0.00882084335398
-0.00552785611551
-0.00587107892655
-0.0174437985407
-0.00746444631842
-0.0176740198559
0.00677079761551
-0.00184677644862
-0.0248578018415
-0.0268724829886
-0.0303380849875
-0.0179845617905
-0.0112127254672
0.00075935549598
-0.0140022910447
-0.0143065883116
-0.00334148178056
-0.00365501994016
-0.00688309371395
-0.0346737632689
-0.00558033420886
-0.00900086271194
-0.00993362346311
-0.0178662700056
-0.0109581263299
-0.0153808282623
-0.00122743051873
-0.0171830186341
-0.00618626413056
0.0114994350234
0.00592250161909
-0.0066617659964
-0.013290779395
-0.0194842311886
-0.0196238718706
-0.009593345535
-0.0140823435997
-0.0201962524806
0.00612373579487
0.0218279341977
-0.0116485966656
-0.0345786570092
)
;
        gradPcoeffName  gradPcoeff;
        buoyancyName    bf;
    }
    left
    {
        type            cyclic;
    }
    right
    {
        type            cyclic;
    }
    front
    {
        type            cyclic;
    }
    back
    {
        type            cyclic;
    }
}


// ************************************************************************* //
