# Buoyancy boundary layer depth time series
# <\delta_b(t)> averaged between 200.000000 and 250.000000 with sampling frequency 0.500000
# time		 max(var(b)) in [0, H/2]	 z(max(var(b))in [0, H/2])	  max(var(b))in [H/2, H]	 z(max(var(b))in [H/2, H])	 \delta_b[inst.]	  max(<var(b)>)in [0, H/2]	 z(max(<var(b)>)in [0, H/2])	  max(<var(b)>)in [H/2, H]	 z(max(<var(b)>)in [H/2, H])	 \delta_b[av.]	 
200.000000	 0.012915	 0.006875	 0.009419	 0.993125	 0.006875	 0.012915	 0.006875	 0.009419	 0.993125	 0.006875	 
200.500000	 0.014862	 0.005625	 0.011380	 0.993125	 0.006250	 0.013862	 0.005625	 0.010400	 0.993125	 0.006250	 
201.000000	 0.014667	 0.005625	 0.012815	 0.993125	 0.006250	 0.014130	 0.005625	 0.011205	 0.993125	 0.006250	 
201.500000	 0.014413	 0.005625	 0.013219	 0.993125	 0.006250	 0.014201	 0.005625	 0.011708	 0.993125	 0.006250	 
202.000000	 0.014908	 0.005625	 0.013567	 0.993125	 0.006250	 0.014342	 0.005625	 0.012080	 0.993125	 0.006250	 
202.500000	 0.015300	 0.005625	 0.013779	 0.993125	 0.006250	 0.014502	 0.005625	 0.012363	 0.993125	 0.006250	 
203.000000	 0.014857	 0.005625	 0.014242	 0.993125	 0.006250	 0.014553	 0.005625	 0.012632	 0.993125	 0.006250	 
203.500000	 0.014511	 0.005625	 0.014596	 0.993125	 0.006250	 0.014548	 0.005625	 0.012877	 0.993125	 0.006250	 
204.000000	 0.014369	 0.005625	 0.015134	 0.993125	 0.006250	 0.014528	 0.005625	 0.013128	 0.993125	 0.006250	 
204.500000	 0.014579	 0.004375	 0.015426	 0.993125	 0.005625	 0.014512	 0.005625	 0.013358	 0.993125	 0.006250	 
205.000000	 0.016041	 0.004375	 0.015748	 0.993125	 0.005625	 0.014604	 0.005625	 0.013575	 0.993125	 0.006250	 
205.500000	 0.017337	 0.004375	 0.015312	 0.993125	 0.005625	 0.014744	 0.005625	 0.013720	 0.993125	 0.006250	 
206.000000	 0.017116	 0.004375	 0.014546	 0.993125	 0.005625	 0.014803	 0.005625	 0.013783	 0.993125	 0.006250	 
206.500000	 0.017791	 0.004375	 0.014079	 0.993125	 0.005625	 0.014957	 0.004375	 0.013804	 0.993125	 0.005625	 
207.000000	 0.018842	 0.004375	 0.013050	 0.993125	 0.005625	 0.015216	 0.004375	 0.013754	 0.993125	 0.005625	 
207.500000	 0.017858	 0.004375	 0.012605	 0.993125	 0.005625	 0.015381	 0.004375	 0.013682	 0.993125	 0.005625	 
208.000000	 0.017138	 0.004375	 0.012047	 0.993125	 0.005625	 0.015485	 0.004375	 0.013586	 0.993125	 0.005625	 
208.500000	 0.015431	 0.004375	 0.011707	 0.993125	 0.005625	 0.015482	 0.004375	 0.013482	 0.993125	 0.005625	 
209.000000	 0.013974	 0.004375	 0.011820	 0.993125	 0.005625	 0.015402	 0.004375	 0.013394	 0.993125	 0.005625	 
209.500000	 0.013004	 0.005625	 0.011682	 0.993125	 0.006250	 0.015279	 0.004375	 0.013309	 0.993125	 0.005625	 
210.000000	 0.011488	 0.005625	 0.011525	 0.993125	 0.006250	 0.015091	 0.004375	 0.013224	 0.993125	 0.005625	 
210.500000	 0.010318	 0.005625	 0.011575	 0.994375	 0.005625	 0.014872	 0.004375	 0.013141	 0.993125	 0.005625	 
211.000000	 0.010151	 0.005625	 0.011378	 0.994375	 0.005625	 0.014661	 0.004375	 0.013054	 0.993125	 0.005625	 
211.500000	 0.010319	 0.005625	 0.011045	 0.994375	 0.005625	 0.014460	 0.004375	 0.012949	 0.993125	 0.005625	 
212.000000	 0.010511	 0.005625	 0.011135	 0.995625	 0.005000	 0.014279	 0.004375	 0.012844	 0.993125	 0.005625	 
212.500000	 0.010687	 0.005625	 0.010866	 0.994375	 0.005625	 0.014121	 0.004375	 0.012749	 0.993125	 0.005625	 
213.000000	 0.010731	 0.005625	 0.010721	 0.994375	 0.005625	 0.013973	 0.004375	 0.012664	 0.993125	 0.005625	 
213.500000	 0.010660	 0.005625	 0.010873	 0.994375	 0.005625	 0.013836	 0.004375	 0.012587	 0.993125	 0.005625	 
214.000000	 0.010278	 0.006875	 0.011137	 0.994375	 0.006250	 0.013687	 0.004375	 0.012524	 0.993125	 0.005625	 
214.500000	 0.010333	 0.006875	 0.011562	 0.994375	 0.006250	 0.013540	 0.004375	 0.012478	 0.993125	 0.005625	 
215.000000	 0.010243	 0.006875	 0.012065	 0.994375	 0.006250	 0.013403	 0.004375	 0.012441	 0.993125	 0.005625	 
215.500000	 0.010293	 0.006875	 0.012205	 0.994375	 0.006250	 0.013282	 0.004375	 0.012400	 0.993125	 0.005625	 
216.000000	 0.010771	 0.005625	 0.012505	 0.995625	 0.005000	 0.013198	 0.004375	 0.012354	 0.993125	 0.005625	 
216.500000	 0.010956	 0.004375	 0.012808	 0.995625	 0.004375	 0.013132	 0.004375	 0.012329	 0.994375	 0.005000	 
217.000000	 0.011343	 0.004375	 0.013269	 0.994375	 0.005000	 0.013080	 0.004375	 0.012356	 0.994375	 0.005000	 
217.500000	 0.011954	 0.004375	 0.014058	 0.994375	 0.005000	 0.013049	 0.004375	 0.012403	 0.994375	 0.005000	 
218.000000	 0.012587	 0.004375	 0.014638	 0.994375	 0.005000	 0.013037	 0.004375	 0.012464	 0.994375	 0.005000	 
218.500000	 0.013011	 0.004375	 0.014899	 0.994375	 0.005000	 0.013036	 0.004375	 0.012528	 0.994375	 0.005000	 
219.000000	 0.013253	 0.004375	 0.014981	 0.994375	 0.005000	 0.013042	 0.004375	 0.012591	 0.994375	 0.005000	 
219.500000	 0.014340	 0.004375	 0.015544	 0.995625	 0.004375	 0.013074	 0.004375	 0.012661	 0.994375	 0.005000	 
220.000000	 0.014769	 0.004375	 0.016122	 0.995625	 0.004375	 0.013115	 0.004375	 0.012737	 0.994375	 0.005000	 
220.500000	 0.014952	 0.004375	 0.016525	 0.995625	 0.004375	 0.013159	 0.004375	 0.012820	 0.994375	 0.005000	 
221.000000	 0.015129	 0.004375	 0.017239	 0.995625	 0.004375	 0.013205	 0.004375	 0.012921	 0.994375	 0.005000	 
221.500000	 0.015610	 0.004375	 0.017272	 0.994375	 0.005000	 0.013260	 0.004375	 0.013019	 0.994375	 0.005000	 
222.000000	 0.016859	 0.004375	 0.017135	 0.994375	 0.005000	 0.013340	 0.004375	 0.013111	 0.994375	 0.005000	 
222.500000	 0.016642	 0.004375	 0.018657	 0.994375	 0.005000	 0.013411	 0.004375	 0.013231	 0.994375	 0.005000	 
223.000000	 0.016106	 0.004375	 0.019652	 0.994375	 0.005000	 0.013469	 0.004375	 0.013368	 0.994375	 0.005000	 
223.500000	 0.016181	 0.004375	 0.020040	 0.994375	 0.005000	 0.013525	 0.004375	 0.013507	 0.994375	 0.005000	 
224.000000	 0.015960	 0.004375	 0.020166	 0.994375	 0.005000	 0.013575	 0.004375	 0.013643	 0.994375	 0.005000	 
224.500000	 0.016317	 0.004375	 0.019995	 0.995625	 0.004375	 0.013630	 0.004375	 0.013766	 0.994375	 0.005000	 
225.000000	 0.015611	 0.004375	 0.020383	 0.995625	 0.004375	 0.013669	 0.004375	 0.013891	 0.994375	 0.005000	 
225.500000	 0.014177	 0.004375	 0.019997	 0.994375	 0.005000	 0.013678	 0.004375	 0.014008	 0.994375	 0.005000	 
226.000000	 0.013749	 0.004375	 0.018487	 0.994375	 0.005000	 0.013680	 0.004375	 0.014093	 0.994375	 0.005000	 
226.500000	 0.013831	 0.004375	 0.017286	 0.994375	 0.005000	 0.013683	 0.004375	 0.014152	 0.994375	 0.005000	 
227.000000	 0.012727	 0.004375	 0.015803	 0.994375	 0.005000	 0.013665	 0.004375	 0.014182	 0.994375	 0.005000	 
227.500000	 0.012449	 0.004375	 0.013071	 0.993125	 0.005625	 0.013643	 0.004375	 0.014162	 0.994375	 0.005000	 
228.000000	 0.011507	 0.005625	 0.011323	 0.994375	 0.005625	 0.013599	 0.004375	 0.014112	 0.994375	 0.005000	 
228.500000	 0.010136	 0.006875	 0.009995	 0.994375	 0.006250	 0.013527	 0.004375	 0.014041	 0.994375	 0.005000	 
229.000000	 0.009235	 0.005625	 0.009285	 0.993125	 0.006250	 0.013446	 0.004375	 0.013960	 0.994375	 0.005000	 
229.500000	 0.007946	 0.005625	 0.008840	 0.993125	 0.006250	 0.013351	 0.004375	 0.013871	 0.994375	 0.005000	 
230.000000	 0.007254	 0.005625	 0.008411	 0.993125	 0.006250	 0.013251	 0.004375	 0.013777	 0.994375	 0.005000	 
230.500000	 0.006364	 0.005625	 0.008333	 0.993125	 0.006250	 0.013139	 0.004375	 0.013685	 0.994375	 0.005000	 
231.000000	 0.006059	 0.005625	 0.008729	 0.993125	 0.006250	 0.013025	 0.004375	 0.013599	 0.994375	 0.005000	 
231.500000	 0.006007	 0.005625	 0.008910	 0.993125	 0.006250	 0.012914	 0.004375	 0.013517	 0.994375	 0.005000	 
232.000000	 0.006127	 0.005625	 0.009211	 0.993125	 0.006250	 0.012805	 0.004375	 0.013444	 0.994375	 0.005000	 
232.500000	 0.006360	 0.005625	 0.009578	 0.993125	 0.006250	 0.012701	 0.004375	 0.013379	 0.994375	 0.005000	 
233.000000	 0.006519	 0.005625	 0.009723	 0.993125	 0.006250	 0.012599	 0.004375	 0.013319	 0.994375	 0.005000	 
233.500000	 0.006427	 0.005625	 0.009963	 0.993125	 0.006250	 0.012496	 0.004375	 0.013264	 0.994375	 0.005000	 
234.000000	 0.007169	 0.005625	 0.010627	 0.993125	 0.006250	 0.012408	 0.004375	 0.013224	 0.994375	 0.005000	 
234.500000	 0.008585	 0.005625	 0.011457	 0.994375	 0.005625	 0.012347	 0.004375	 0.013199	 0.994375	 0.005000	 
235.000000	 0.010240	 0.005625	 0.011909	 0.994375	 0.005625	 0.012312	 0.004375	 0.013181	 0.994375	 0.005000	 
235.500000	 0.012289	 0.005625	 0.011859	 0.994375	 0.005625	 0.012305	 0.004375	 0.013162	 0.994375	 0.005000	 
236.000000	 0.014533	 0.005625	 0.011752	 0.993125	 0.006250	 0.012331	 0.004375	 0.013143	 0.994375	 0.005000	 
236.500000	 0.016749	 0.005625	 0.011610	 0.994375	 0.005625	 0.012384	 0.004375	 0.013122	 0.994375	 0.005000	 
237.000000	 0.017930	 0.005625	 0.011742	 0.993125	 0.006250	 0.012448	 0.004375	 0.013102	 0.994375	 0.005000	 
237.500000	 0.018513	 0.005625	 0.012004	 0.993125	 0.006250	 0.012519	 0.004375	 0.013085	 0.994375	 0.005000	 
238.000000	 0.018508	 0.005625	 0.012474	 0.993125	 0.006250	 0.012594	 0.004375	 0.013075	 0.994375	 0.005000	 
238.500000	 0.018378	 0.005625	 0.013187	 0.994375	 0.005625	 0.012668	 0.004375	 0.013076	 0.994375	 0.005000	 
239.000000	 0.018638	 0.005625	 0.014050	 0.994375	 0.005625	 0.012738	 0.004375	 0.013088	 0.994375	 0.005000	 
239.500000	 0.017723	 0.005625	 0.014821	 0.994375	 0.005625	 0.012796	 0.004375	 0.013110	 0.994375	 0.005000	 
240.000000	 0.016642	 0.005625	 0.015439	 0.994375	 0.005625	 0.012840	 0.004375	 0.013139	 0.994375	 0.005000	 
240.500000	 0.016052	 0.005625	 0.015704	 0.994375	 0.005625	 0.012875	 0.004375	 0.013170	 0.994375	 0.005000	 
241.000000	 0.015437	 0.005625	 0.015965	 0.994375	 0.005625	 0.012897	 0.004375	 0.013204	 0.994375	 0.005000	 
241.500000	 0.014988	 0.005625	 0.016973	 0.994375	 0.005625	 0.012915	 0.005625	 0.013249	 0.994375	 0.005625	 
242.000000	 0.015169	 0.005625	 0.018076	 0.994375	 0.005625	 0.012942	 0.005625	 0.013305	 0.994375	 0.005625	 
242.500000	 0.015249	 0.005625	 0.017960	 0.994375	 0.005625	 0.012968	 0.005625	 0.013359	 0.994375	 0.005625	 
243.000000	 0.014471	 0.005625	 0.017528	 0.994375	 0.005625	 0.012986	 0.005625	 0.013407	 0.994375	 0.005625	 
243.500000	 0.012653	 0.005625	 0.017520	 0.994375	 0.005625	 0.012982	 0.005625	 0.013454	 0.994375	 0.005625	 
244.000000	 0.012754	 0.004375	 0.017588	 0.994375	 0.005000	 0.012977	 0.005625	 0.013501	 0.994375	 0.005625	 
244.500000	 0.012288	 0.004375	 0.017265	 0.994375	 0.005000	 0.012965	 0.005625	 0.013542	 0.994375	 0.005625	 
245.000000	 0.011393	 0.004375	 0.017230	 0.995625	 0.004375	 0.012941	 0.005625	 0.013579	 0.994375	 0.005625	 
245.500000	 0.011254	 0.004375	 0.017939	 0.995625	 0.004375	 0.012916	 0.005625	 0.013616	 0.994375	 0.005625	 
246.000000	 0.011178	 0.004375	 0.018140	 0.995625	 0.004375	 0.012889	 0.005625	 0.013655	 0.994375	 0.005625	 
246.500000	 0.011281	 0.004375	 0.017516	 0.995625	 0.004375	 0.012864	 0.004375	 0.013693	 0.994375	 0.005000	 
247.000000	 0.010752	 0.004375	 0.016447	 0.995625	 0.004375	 0.012841	 0.004375	 0.013718	 0.994375	 0.005000	 
247.500000	 0.010861	 0.004375	 0.014416	 0.995625	 0.004375	 0.012821	 0.004375	 0.013722	 0.994375	 0.005000	 
248.000000	 0.010491	 0.004375	 0.012532	 0.995625	 0.004375	 0.012797	 0.004375	 0.013706	 0.994375	 0.005000	 
248.500000	 0.010007	 0.004375	 0.011826	 0.995625	 0.004375	 0.012768	 0.004375	 0.013685	 0.994375	 0.005000	 
249.000000	 0.010308	 0.004375	 0.011638	 0.994375	 0.005000	 0.012744	 0.004375	 0.013664	 0.994375	 0.005000	 
249.500000	 0.010224	 0.004375	 0.011434	 0.994375	 0.005000	 0.012718	 0.004375	 0.013642	 0.994375	 0.005000	 
250.000000	 0.010688	 0.004375	 0.011537	 0.994375	 0.005000	 0.012698	 0.004375	 0.013621	 0.994375	 0.005000	 
