# Reynolds number time series
# <Re(t)> averaged between 200.000000 and 250.000000 with sampling frequency 0.500000
# time		 Re_uMag(t)	 <Re_uMag(t)>	 Re_uxMag(t)	 <Re_uxMag(t)>	 Re_uzMag(t)	 <Re_uzMag(t)>	  Re_uRMS(t)	 <Re_uRMS(t)>	 Re_uxRMS(t)	 <Re_uxRMS(t)>	 Re_uzRMS(t)	 <Re_uzRMS(t)>	 
200.000000	 59939.257233	 59939.257233	 35272.298333	 35272.298333	 47200.309004	 47200.309004	 64868.364025	 64868.364025	 42787.877317	 42787.877317	 55838.174423	 55838.174423	 
200.500000	 59479.942131	 59500.767666	 36157.784867	 35547.801200	 48505.817256	 47848.818759	 64046.220667	 64202.984372	 43127.821657	 42837.132989	 56928.875168	 56368.823569	 
201.000000	 58687.120036	 59145.882093	 38498.913923	 36098.668440	 49950.080298	 48548.870039	 63901.420570	 64013.436560	 44042.569869	 42471.488504	 57496.825062	 56743.544934	 
201.500000	 57562.764435	 58734.803896	 40341.471141	 37154.215378	 51594.911725	 49295.237265	 64159.643423	 64038.044583	 46331.799457	 42738.877973	 59229.295962	 57362.112303	 
202.000000	 58511.926205	 58689.485915	 41578.673312	 37992.939185	 53048.000535	 50045.789919	 66143.669423	 64458.949942	 47269.817609	 43530.849393	 62289.467715	 58347.583385	 
202.500000	 59757.635519	 58649.992556	 42321.367128	 38626.604538	 54016.613831	 50576.412526	 68804.173356	 64938.075240	 47987.560387	 44172.287850	 64408.261686	 59295.696589	 
203.000000	 59687.705822	 58463.974127	 43450.214663	 39077.474698	 52025.178156	 50577.463329	 70365.830197	 65109.731335	 49259.869766	 44656.796601	 64903.734071	 59877.957651	 
203.500000	 59641.386824	 58440.502612	 47150.601649	 39552.491866	 50260.869981	 50318.987528	 69385.040078	 65274.800474	 52264.935500	 45142.803921	 62872.991388	 60001.474202	 
204.000000	 58158.946980	 58031.510528	 52193.878040	 40263.961332	 49084.459470	 49985.388349	 67147.534300	 64936.630375	 57372.156410	 45833.344920	 60635.160479	 60053.539072	 
204.500000	 60878.531572	 57498.729735	 54748.313940	 41285.270874	 48541.906303	 49632.323171	 65465.823809	 64314.427751	 60508.891084	 46854.385574	 59507.510187	 59825.105633	 
205.000000	 62884.841263	 57006.738941	 56491.701787	 42331.224088	 46975.838299	 49291.340120	 66753.914580	 64081.220407	 62441.235270	 48057.343627	 55771.036977	 59397.262253	 
205.500000	 61823.569801	 56601.505065	 54353.320748	 43206.865658	 45422.654216	 48953.514900	 66004.746202	 64058.854124	 62269.841083	 49219.865042	 53090.900390	 58871.068215	 
206.000000	 60132.818787	 56210.590860	 54896.116575	 43910.794123	 44000.220407	 48568.582062	 66932.181616	 63903.049595	 65258.793548	 50313.314258	 50996.935281	 58209.677026	 
206.500000	 59962.510582	 55775.274279	 55857.439184	 44681.135884	 42874.085516	 48130.078181	 69180.603315	 63603.765854	 67552.910443	 51454.439653	 49417.588893	 57443.966812	 
207.000000	 61716.923165	 55312.007586	 57812.488818	 45489.027745	 41972.072921	 47635.363682	 72310.706874	 63238.257032	 69766.513682	 52669.164167	 48243.755968	 56578.474502	 
207.500000	 62918.214690	 54945.929564	 58248.914652	 46267.287030	 41459.157803	 47112.292379	 74614.422647	 62794.107926	 71318.113800	 53803.334941	 47424.029165	 55677.548912	 
208.000000	 62836.190415	 54666.892656	 57621.896648	 46906.329376	 41314.492544	 46612.342120	 75107.254564	 62357.305716	 71365.184354	 54751.659251	 47226.687677	 54831.201218	 
208.500000	 62562.983342	 54453.085103	 57621.747667	 47458.905255	 41377.599672	 46163.828786	 74848.463519	 61784.122322	 71045.104001	 55593.672545	 47569.271313	 54129.516933	 
209.000000	 61403.835767	 54200.984538	 54035.156845	 47611.083540	 41450.040289	 45767.909179	 73080.583781	 61058.405429	 66452.006412	 55870.974967	 47928.995423	 53543.363236	 
209.500000	 59118.684791	 54027.880016	 53142.689881	 47397.867257	 41452.161231	 45484.263200	 70536.052965	 60346.276213	 65442.092327	 55742.585535	 48586.190760	 53084.898835	 
210.000000	 57645.945206	 53920.792991	 48791.238620	 47205.799945	 41570.269926	 45197.949227	 67989.210304	 59909.811353	 59421.032209	 55514.985909	 49756.173242	 52602.337999	 
210.500000	 55982.341424	 53791.194761	 42959.371732	 46936.179655	 42529.814932	 44961.795915	 66624.827336	 59759.034810	 54056.907719	 55178.057220	 51567.498212	 52147.450646	 
211.000000	 56610.272413	 53792.774496	 41059.614276	 46537.106536	 43357.296446	 44814.484118	 64693.861613	 59487.852454	 47490.357735	 54677.036382	 54654.282771	 51852.326598	 
211.500000	 57185.136918	 53854.383791	 38800.737393	 46055.168363	 44942.603842	 44710.084733	 64938.887317	 59493.726576	 46514.699999	 54144.280075	 55010.437163	 51727.412017	 
212.000000	 61155.252053	 54037.323359	 38115.152867	 45613.936004	 47136.319871	 44663.143895	 69113.011539	 59354.038348	 46396.725590	 53648.092224	 57108.999539	 51924.148736	 
212.500000	 65152.957485	 54220.352238	 43430.504433	 45217.535956	 50954.054892	 44549.101091	 70534.412443	 59747.152374	 50887.507011	 53174.032110	 64044.833487	 51873.208264	 
213.000000	 68900.388855	 54287.674184	 51181.034794	 44859.973777	 49649.844090	 44449.557124	 74933.791771	 59921.697178	 58932.238780	 52717.950266	 62032.901992	 51723.564462	 
213.500000	 67443.786872	 54417.722421	 48285.074933	 44488.085339	 49370.594021	 44354.013820	 75538.932368	 60059.905476	 58447.355071	 52233.809253	 58819.251207	 51577.519353	 
214.000000	 64510.245510	 54599.482143	 44486.185019	 44138.197582	 49520.563059	 44261.340680	 72733.267239	 60198.328575	 54845.766914	 51764.827876	 57665.261232	 51423.783726	 
214.500000	 63968.664981	 54761.204035	 41289.553437	 43807.322781	 48699.011750	 44214.425436	 72835.847726	 60305.315522	 53745.602206	 51316.534753	 56160.035560	 51330.736442	 
215.000000	 62998.729597	 54840.058826	 41746.387173	 43493.156131	 47666.765440	 44222.053750	 73233.214300	 60334.506515	 53686.303079	 50881.218997	 54610.251372	 51314.074066	 
215.500000	 61614.950998	 54908.115721	 38320.265973	 43204.056931	 47086.611833	 44267.139593	 72585.780889	 60365.648069	 48940.207000	 50478.775448	 55524.558616	 51331.871046	 
216.000000	 59936.734899	 55035.745374	 40519.907370	 42926.320301	 46278.089599	 44305.749341	 67856.132998	 60535.128807	 46919.335527	 50089.372406	 55239.493822	 51388.284304	 
216.500000	 57931.890809	 55120.761393	 40419.527936	 42655.951610	 44990.210170	 44318.500420	 65919.216205	 60693.358916	 45881.003833	 49715.873451	 54177.032057	 51469.091556	 
217.000000	 55384.991172	 55127.943235	 41139.796207	 42435.810460	 43573.341017	 44269.049102	 62430.349513	 60740.138835	 47126.791045	 49392.082746	 51521.751623	 51440.018714	 
217.500000	 52712.465267	 55056.157640	 41572.720215	 42279.191296	 42878.673328	 44143.744223	 58364.151698	 60671.332498	 47661.780131	 49145.886968	 51193.431963	 51308.451127	 
218.000000	 51632.394000	 54923.857784	 40139.517522	 42151.905052	 42170.333970	 43944.112635	 57958.688314	 60514.056211	 47523.067066	 48943.880430	 51922.996881	 51096.377338	 
218.500000	 52125.650722	 54773.970190	 41188.114386	 42008.775646	 41297.022628	 43693.329806	 57991.246230	 60355.192746	 48878.114616	 48739.341708	 49909.064107	 50858.773981	 
219.000000	 50292.303628	 54632.922757	 41903.430091	 41815.007871	 40655.421501	 43405.301408	 57126.165591	 60213.537457	 49960.457626	 48497.574902	 48122.393137	 50581.668344	 
219.500000	 51259.416352	 54449.209133	 42404.501868	 41676.413672	 39943.231007	 43094.248418	 57999.757321	 60020.442645	 50362.669398	 48285.056548	 46825.062043	 50243.057804	 
220.000000	 52144.131772	 54233.297169	 41484.925649	 41555.154136	 39289.572759	 42766.096953	 59697.565893	 59767.364099	 49573.876486	 48130.651181	 46753.944845	 49851.494483	 
220.500000	 49477.261971	 53996.092262	 38568.531563	 41483.334391	 38859.919690	 42452.682627	 57135.478938	 59486.449578	 47811.591051	 48037.357200	 47148.817867	 49448.917154	 
221.000000	 51339.683701	 53748.931499	 39509.774393	 41434.358743	 38055.751875	 42158.053922	 59623.309048	 59194.435092	 49496.838036	 47981.796566	 46847.564417	 49068.275788	 
221.500000	 52915.105405	 53497.107270	 41035.539569	 41394.562439	 36875.436062	 41885.396023	 62654.926324	 58897.582895	 53447.002075	 47920.339253	 46680.973619	 48729.238439	 
222.000000	 53054.636539	 53265.040602	 43370.455975	 41374.022212	 37096.023331	 41635.906311	 63208.137244	 58618.652399	 55109.198085	 47881.173577	 46964.309947	 48419.532906	 
222.500000	 53174.380939	 53067.528841	 43405.171388	 41395.494892	 37878.918998	 41385.362821	 62495.225813	 58385.153517	 53549.397962	 47911.053003	 47255.533784	 48137.165170	 
223.000000	 54272.999310	 52882.147572	 44767.626136	 41358.298178	 38909.786835	 41130.846059	 62786.696820	 58181.534894	 54819.338278	 47866.524256	 45428.786467	 47885.494993	 
223.500000	 53091.726054	 52712.250724	 45404.913331	 41260.969741	 38896.293121	 40878.506646	 61580.454574	 57996.502247	 55705.224109	 47774.553052	 44374.554431	 47654.858889	 
224.000000	 52135.618988	 52525.877589	 40736.505001	 41170.928160	 38196.699690	 40637.272430	 60212.896484	 57797.203112	 51191.012831	 47719.833435	 45920.571246	 47409.362338	 
224.500000	 52108.066326	 52339.107290	 41177.403609	 41083.353763	 37886.222041	 40419.513672	 61285.926495	 57580.360497	 51340.796880	 47666.210088	 44043.244543	 47172.275096	 
225.000000	 51894.529196	 52152.810506	 42487.572222	 40966.846842	 38963.549578	 40223.728046	 62200.255528	 57364.673193	 51129.755041	 47609.483806	 46021.224241	 46948.754836	 
225.500000	 53556.319288	 51964.387495	 41796.156690	 40891.092300	 39182.195715	 40039.296493	 63660.941416	 57128.163677	 52543.255834	 47578.880036	 45762.918658	 46731.532397	 
226.000000	 54735.999409	 51759.905673	 43701.286192	 40824.450482	 38585.341382	 39858.371226	 64874.182359	 56880.795964	 54581.855549	 47550.874501	 46638.526763	 46518.907282	 
226.500000	 55950.749128	 51542.431095	 44886.064047	 40767.051690	 39270.929069	 39676.161243	 66794.000694	 56628.371616	 56562.817096	 47526.663413	 45909.368903	 46320.084384	 
227.000000	 56256.196576	 51323.622093	 44644.268690	 40730.079381	 39858.903457	 39502.289533	 68088.745628	 56399.573487	 57381.239201	 47521.819583	 45721.061446	 46174.513023	 
227.500000	 57057.683382	 51113.105970	 41917.628913	 40678.024702	 40533.827875	 39349.524701	 67198.438515	 56197.484048	 53775.174832	 47489.272639	 46291.279513	 46049.220909	 
228.000000	 57085.328989	 50917.379125	 41064.882392	 40621.439064	 41921.354113	 39214.259259	 67453.046804	 56001.772213	 52278.908842	 47445.771505	 48877.475430	 45936.889933	 
228.500000	 57302.265345	 50767.856992	 40223.676239	 40552.404666	 42158.467190	 39096.988868	 66475.748209	 55844.502629	 51367.174822	 47385.719612	 49033.169483	 45855.313931	 
229.000000	 59556.911859	 50653.439814	 42272.301340	 40497.762602	 43382.233529	 38991.083913	 68167.698273	 55698.901313	 51471.263245	 47325.777482	 50774.370124	 45786.071830	 
229.500000	 60268.399271	 50546.243496	 41006.149565	 40445.409125	 44558.296280	 38900.633419	 69639.435297	 55598.060786	 49832.209167	 47251.960050	 52835.104709	 45757.489212	 
230.000000	 60732.891619	 50480.451375	 39059.814013	 40379.574230	 46065.500996	 38835.394551	 70202.695414	 55567.683055	 46958.476351	 47170.671368	 56869.671699	 45780.574711	 
230.500000	 58813.896399	 50436.533792	 39195.279540	 40308.676543	 46779.761188	 38800.498116	 67668.118388	 55572.040098	 45215.197916	 47091.743196	 55411.156478	 45830.909605	 
231.000000	 57666.457347	 50505.020200	 38322.236315	 40235.546451	 46684.972187	 38813.046724	 66767.630298	 55650.989334	 44575.363052	 47011.749422	 56445.045082	 45865.723878	 
231.500000	 58780.242861	 50610.533434	 38759.103897	 40127.553937	 45127.712727	 38841.565148	 67446.049072	 55746.461406	 44904.139174	 46917.257145	 56082.233483	 45916.641896	 
232.000000	 58770.439623	 50727.196121	 39694.759510	 39970.081610	 43434.873115	 38880.197622	 66524.542342	 55850.429433	 45736.183724	 46754.987939	 54302.208070	 45969.692719	 
232.500000	 59966.290453	 50857.735335	 39063.647177	 39825.170260	 44293.691849	 38950.741311	 66259.652023	 56007.692280	 46036.252955	 46625.181848	 57706.831966	 46029.465568	 
233.000000	 60871.817447	 50924.126438	 44362.511281	 39689.934451	 46979.451847	 39068.985957	 68091.212657	 56130.037817	 50843.760596	 46497.869792	 58842.786226	 46154.097239	 
233.500000	 62698.233233	 50973.252748	 45415.084961	 39576.166459	 48972.520092	 39189.903286	 70550.121638	 56237.054553	 52439.202231	 46373.772077	 60688.245858	 46348.465113	 
234.000000	 63467.762305	 51017.788234	 48334.663207	 39455.635315	 48100.875876	 39292.191327	 70526.220178	 56363.598922	 55102.762289	 46246.664131	 61707.809705	 46556.858017	 
234.500000	 62058.212318	 51074.676632	 48702.783257	 39360.111875	 44996.931248	 39370.326679	 65935.825295	 56464.355133	 55148.834567	 46147.524942	 55711.850725	 46670.367432	 
235.000000	 62204.520325	 51144.266594	 47730.200807	 39282.837994	 41031.039590	 39393.637060	 65662.269687	 56561.820108	 54161.191875	 46083.778328	 51769.587192	 46722.947782	 
235.500000	 61294.326782	 51191.938397	 45172.118575	 39233.022683	 39882.349860	 39354.213073	 64815.487245	 56630.800906	 51213.028053	 46044.813355	 48570.321336	 46734.184681	 
236.000000	 59635.889027	 51206.174878	 42656.976049	 39221.053346	 40387.091171	 39288.601424	 65947.834580	 56643.099870	 53169.331815	 46042.408350	 47957.148698	 46710.446722	 
236.500000	 58701.672282	 51197.064563	 43743.866968	 39249.840654	 41133.520876	 39208.943686	 66881.379603	 56634.091613	 56483.686013	 46073.759047	 49825.039849	 46652.380290	 
237.000000	 57430.939957	 51170.336265	 44847.048742	 39323.498640	 42352.626216	 39117.436197	 64973.528637	 56592.631075	 54542.489945	 46142.377981	 48605.201942	 46566.046429	 
237.500000	 57793.918912	 51129.504877	 47774.691719	 39432.947274	 43118.336573	 39024.334048	 63126.060041	 56570.782898	 54091.807150	 46242.555295	 48883.601697	 46479.283897	 
238.000000	 56330.178974	 51097.354326	 47955.945126	 39539.384680	 43362.977180	 38937.844580	 61047.551215	 56558.740762	 55912.896225	 46352.934935	 49289.386207	 46411.091802	 
238.500000	 55420.073348	 51037.635377	 47248.896762	 39629.229949	 42110.176999	 38885.743009	 61363.559233	 56530.997094	 57598.716423	 46455.545137	 48951.974886	 46368.262789	 
239.000000	 55230.326058	 50945.904020	 48099.928746	 39710.862153	 39222.519397	 38869.614176	 61758.899210	 56474.970916	 59821.268153	 46563.375081	 47991.254524	 46372.133567	 
239.500000	 56291.372261	 50864.921944	 47705.499185	 39810.795116	 42882.791182	 38850.152792	 64173.165629	 56453.105971	 60359.691081	 46704.519674	 52739.596800	 46451.051361	 
240.000000	 57410.768660	 50792.209926	 49446.704556	 39914.543512	 41038.271778	 38843.554157	 66445.683795	 56434.264947	 62211.143766	 46863.636070	 50432.281906	 46500.174068	 
240.500000	 59122.127425	 50728.616252	 51290.028311	 40052.882195	 39943.083991	 38798.108808	 69836.800815	 56414.101433	 63652.465488	 47068.215591	 48084.314245	 46467.504940	 
241.000000	 60364.275227	 50630.625099	 50210.861553	 40173.438271	 40990.157984	 38725.745471	 71358.870459	 56337.792871	 62920.865986	 47241.218640	 47032.364181	 46401.023100	 
241.500000	 59656.552924	 50499.828453	 46644.386388	 40202.394202	 41825.057910	 38638.078865	 70494.564007	 56244.625888	 58092.420145	 47302.892363	 48965.000596	 46342.635340	 
242.000000	 58559.752538	 50593.625033	 42730.118107	 40205.290359	 41889.033909	 38567.936437	 70236.180170	 56409.232409	 51399.077532	 47338.213420	 52047.312373	 46264.666696	 
242.500000	 54459.763532	 50638.411975	 43147.002463	 40193.091475	 43774.111505	 38522.713527	 64516.291350	 56495.544696	 51914.558134	 47363.548327	 55592.752370	 46220.945764	 
243.000000	 51312.810391	 50633.753646	 42648.695173	 40181.219350	 39450.400163	 38502.491675	 63084.141041	 56498.137323	 52008.247850	 47384.519723	 52303.471321	 46249.193376	 
243.500000	 50873.569004	 50618.782800	 41386.676585	 40176.271544	 39312.241898	 38511.640301	 58467.830763	 56473.987317	 50611.648262	 47408.329471	 51440.284756	 46280.525153	 
244.000000	 50809.613844	 50604.566220	 41122.140586	 40182.781830	 39837.031381	 38507.463139	 58432.957796	 56447.920383	 50920.134684	 47446.522735	 50297.634051	 46236.603661	 
244.500000	 51180.897862	 50579.428104	 40982.079924	 40169.963099	 40282.458438	 38493.131726	 59327.376505	 56407.970491	 49644.391987	 47462.504251	 49517.424577	 46160.726232	 
245.000000	 52529.953161	 50547.578149	 40338.794982	 40117.393922	 42417.150829	 38461.145524	 60636.102883	 56368.648671	 48777.002018	 47445.312650	 52086.516375	 46058.330328	 
245.500000	 56508.320130	 50510.982891	 37886.525311	 40051.135581	 44546.272400	 38411.246909	 63011.974996	 56342.243704	 46289.043438	 47418.203068	 53469.749384	 45938.206622	 
246.000000	 57355.703700	 50449.096438	 37540.684076	 39981.951332	 44116.252786	 38347.033796	 63164.359681	 56304.481920	 46956.264643	 47383.469018	 51938.056285	 45811.390148	 
246.500000	 58517.024255	 50383.111310	 36632.435767	 39912.330173	 46045.934110	 38279.031313	 64947.643842	 56260.068692	 45988.953129	 47336.833160	 51112.746013	 45684.174676	 
247.000000	 59810.244698	 50306.744029	 39204.846966	 39846.986441	 47911.479816	 38201.147198	 66587.503679	 56202.000767	 50880.792932	 47293.564129	 52312.137614	 45573.223247	 
247.500000	 60958.896898	 50211.109779	 43641.757857	 39756.090754	 49288.657792	 38114.670866	 66912.735482	 56122.238085	 54941.987111	 47200.124395	 53438.024620	 45481.902353	 
248.000000	 61703.173017	 50096.371154	 44580.542859	 39639.337953	 49851.480585	 38020.470096	 66718.382444	 56022.654165	 56016.867882	 47072.712396	 53190.148876	 45385.197053	 
248.500000	 60324.202173	 49967.569721	 44445.184550	 39513.829189	 49692.256251	 37931.671666	 65632.129211	 55911.721116	 55614.244967	 46939.184768	 52641.170647	 45317.559600	 
249.000000	 60847.159061	 49801.977587	 45505.690462	 39384.693815	 49246.194362	 37871.422336	 66012.825717	 55743.227957	 56613.536232	 46795.634791	 53591.821170	 45267.506648	 
249.500000	 61367.999264	 49778.704552	 45363.244285	 39259.168024	 48821.834603	 37840.008514	 65316.571367	 55537.729631	 54453.206571	 46654.019716	 52814.228144	 45193.953347	 
250.000000	 63686.941180	 49901.364312	 49350.154808	 39133.658252	 48784.060878	 37815.150571	 68476.043536	 55423.819363	 56337.714577	 46512.008500	 53178.383733	 45123.691462	 
