# Velocity boundary layer depth time series
# <\delta_u(t)> averaged between 200.000000 and 250.000000 with sampling frequency 0.500000
# time		 max(Re_uxRMS)in [0, H/2]	 z(max(Re_uxRMS)in [0, H/2])	  max(Re_uxRMS)in [H/2, H]	 z(max(Re_uxRMS)in [H/2, H])	 \delta_u[inst.]	  max(<Re_uxRMS>)in [0, H/2]	 z(max(<Re_uxRMS>)in [0, H/2])	  max(<Re_uxRMS>)in [H/2, H]	 z(max(<Re_uxRMS>)in [H/2, H])	 \delta_u[av.]	 
200.000000	 42787.877317	 0.186875	 39782.005000	 0.878125	 0.154375	 42787.877317	 0.186875	 39782.005000	 0.878125	 0.154375	 
200.500000	 43127.821657	 0.169375	 39644.269436	 0.869375	 0.150000	 42837.132989	 0.175625	 39649.819516	 0.873125	 0.151250	 
201.000000	 44042.569869	 0.038125	 42426.355815	 0.538125	 0.250000	 42471.488504	 0.170625	 39436.207820	 0.873125	 0.148750	 
201.500000	 46331.799457	 0.043125	 43197.745348	 0.531875	 0.255625	 42738.877973	 0.039375	 39287.237565	 0.875625	 0.081875	 
202.000000	 47269.817609	 0.048125	 43601.306758	 0.500625	 0.273750	 43530.849393	 0.041875	 39232.344218	 0.878125	 0.081875	 
202.500000	 47987.560387	 0.054375	 40112.874823	 0.910625	 0.071875	 44172.287850	 0.044375	 39207.146942	 0.881875	 0.081250	 
203.000000	 49259.869766	 0.224375	 40789.649514	 0.908125	 0.158125	 44656.796601	 0.046875	 39159.990863	 0.889375	 0.078750	 
203.500000	 52264.935500	 0.108125	 40607.726665	 0.915625	 0.096250	 45142.803921	 0.049375	 39105.709100	 0.894375	 0.077500	 
204.000000	 57372.156410	 0.098125	 40665.908960	 0.924375	 0.086875	 45833.344920	 0.054375	 39045.792112	 0.899375	 0.077500	 
204.500000	 60508.891084	 0.085625	 40863.011249	 0.925625	 0.080000	 46854.385574	 0.059375	 39094.063467	 0.909375	 0.075000	 
205.000000	 62441.235270	 0.085625	 40637.667590	 0.925625	 0.080000	 48057.343627	 0.069375	 39163.574804	 0.909375	 0.080000	 
205.500000	 62269.841083	 0.059375	 39759.726326	 0.916875	 0.071250	 49219.865042	 0.066875	 39196.386944	 0.914375	 0.076250	 
206.000000	 65258.793548	 0.043125	 38470.116296	 0.905625	 0.068750	 50313.314258	 0.059375	 39122.070493	 0.911875	 0.073750	 
206.500000	 67552.910443	 0.034375	 38888.833577	 0.500625	 0.266875	 51454.439653	 0.059375	 38816.675103	 0.906875	 0.076250	 
207.000000	 69766.513682	 0.056875	 39613.529443	 0.503125	 0.276875	 52669.164167	 0.059375	 38368.106382	 0.906875	 0.076250	 
207.500000	 71318.113800	 0.064375	 40568.445185	 0.536875	 0.263750	 53803.334941	 0.061875	 37894.420475	 0.904375	 0.078750	 
208.000000	 71365.184354	 0.070625	 42309.630970	 0.558125	 0.256250	 54751.659251	 0.066875	 37379.427906	 0.904375	 0.081250	 
208.500000	 71045.104001	 0.074375	 42721.994185	 0.593125	 0.240625	 55593.672545	 0.069375	 36853.727282	 0.904375	 0.082500	 
209.000000	 66452.006412	 0.115625	 44047.727847	 0.625625	 0.245000	 55870.974967	 0.069375	 36319.963305	 0.904375	 0.082500	 
209.500000	 65442.092327	 0.101875	 42794.545743	 0.661875	 0.220000	 55742.585535	 0.069375	 35773.389067	 0.904375	 0.082500	 
210.000000	 59421.032209	 0.146875	 43372.821296	 0.603125	 0.271875	 55514.985909	 0.069375	 35229.340047	 0.906875	 0.081250	 
210.500000	 54056.907719	 0.203125	 43563.318558	 0.604375	 0.299375	 55178.057220	 0.069375	 34707.276281	 0.909375	 0.080000	 
211.000000	 47490.357735	 0.168125	 45377.764874	 0.610625	 0.278750	 54677.036382	 0.069375	 34210.242330	 0.909375	 0.080000	 
211.500000	 46228.161708	 0.130625	 46514.699999	 0.614375	 0.258125	 54144.280075	 0.068125	 33752.405928	 0.911875	 0.078125	 
212.000000	 44213.266847	 0.043125	 46396.725590	 0.610625	 0.216250	 53648.092224	 0.066875	 33338.491637	 0.913125	 0.076875	 
212.500000	 43857.995927	 0.029375	 50887.507011	 0.569375	 0.230000	 53174.032110	 0.066875	 33844.361136	 0.580625	 0.243125	 
213.000000	 44920.924715	 0.348125	 58932.238780	 0.581875	 0.383125	 52717.950266	 0.064375	 34772.987696	 0.580625	 0.241875	 
213.500000	 48098.881649	 0.316875	 58447.355071	 0.599375	 0.358750	 52233.809253	 0.063125	 35547.801079	 0.588125	 0.237500	 
214.000000	 45799.169857	 0.310625	 54845.766914	 0.566875	 0.371875	 51764.827876	 0.061875	 36178.831755	 0.588125	 0.236875	 
214.500000	 44490.218309	 0.366875	 53745.602206	 0.549375	 0.408750	 51316.534753	 0.059375	 36738.228547	 0.585625	 0.236875	 
215.000000	 49135.098396	 0.499375	 53686.303079	 0.549375	 0.475000	 50881.218997	 0.059375	 37104.625972	 0.570625	 0.244375	 
215.500000	 48232.570673	 0.499375	 48940.207000	 0.509375	 0.495000	 50478.775448	 0.059375	 37320.600112	 0.568125	 0.245625	 
216.000000	 44258.736421	 0.173125	 46919.335527	 0.620625	 0.276250	 50089.372406	 0.059375	 37419.048942	 0.585625	 0.236875	 
216.500000	 45881.003833	 0.159375	 45014.172614	 0.666875	 0.246250	 49715.873451	 0.059375	 37245.927021	 0.588125	 0.235625	 
217.000000	 47126.791045	 0.123125	 40734.362762	 0.735625	 0.193750	 49392.082746	 0.061875	 37076.078938	 0.590625	 0.235625	 
217.500000	 47661.780131	 0.105625	 40469.656701	 0.829375	 0.138125	 49145.886968	 0.061875	 36866.218991	 0.590625	 0.235625	 
218.000000	 47523.067066	 0.136875	 42242.413028	 0.846875	 0.145000	 48943.880430	 0.064375	 36687.908074	 0.593125	 0.235625	 
218.500000	 48878.114616	 0.144375	 43256.870457	 0.861875	 0.141250	 48739.341708	 0.064375	 36485.057069	 0.595625	 0.234375	 
219.000000	 49960.457626	 0.148125	 43702.513384	 0.876875	 0.135625	 48497.574902	 0.064375	 36067.258175	 0.596875	 0.233750	 
219.500000	 50362.669398	 0.151875	 44650.595599	 0.893125	 0.129375	 48285.056548	 0.090625	 35677.681516	 0.593125	 0.248750	 
220.000000	 49573.876486	 0.163125	 45939.638438	 0.873125	 0.145000	 48130.651181	 0.090625	 35383.113474	 0.590625	 0.250000	 
220.500000	 45576.240525	 0.123125	 47811.591051	 0.875625	 0.123750	 48037.357200	 0.090625	 35253.347408	 0.590625	 0.250000	 
221.000000	 47649.038384	 0.013125	 49496.838036	 0.863125	 0.075000	 47981.796566	 0.090625	 35108.030681	 0.590625	 0.250000	 
221.500000	 48422.177888	 0.015625	 53447.002075	 0.856875	 0.079375	 47920.339253	 0.090625	 34877.366936	 0.590625	 0.250000	 
222.000000	 48311.033018	 0.066875	 55109.198085	 0.873125	 0.096875	 47881.173577	 0.090625	 34608.541237	 0.590625	 0.250000	 
222.500000	 49714.754095	 0.098125	 53549.397962	 0.853125	 0.122500	 47911.053003	 0.090625	 34687.906219	 0.904375	 0.093125	 
223.000000	 47807.448421	 0.131875	 54819.338278	 0.918125	 0.106875	 47866.524256	 0.091875	 35108.544176	 0.904375	 0.093750	 
223.500000	 47481.698616	 0.148125	 55705.224109	 0.923125	 0.112500	 47774.553052	 0.091875	 35503.436612	 0.906875	 0.092500	 
224.000000	 48608.965351	 0.023125	 51191.012831	 0.946875	 0.038125	 47719.833435	 0.093125	 35808.633483	 0.906875	 0.093125	 
224.500000	 50160.631134	 0.029375	 51340.796880	 0.949375	 0.040000	 47666.210088	 0.093125	 36091.367605	 0.906875	 0.093125	 
225.000000	 50953.103352	 0.033125	 51129.755041	 0.895625	 0.068750	 47609.483806	 0.093125	 36368.536557	 0.904375	 0.094375	 
225.500000	 50387.784857	 0.033125	 52543.255834	 0.876875	 0.078125	 47578.880036	 0.093125	 36611.531402	 0.904375	 0.094375	 
226.000000	 49410.955454	 0.040625	 54581.855549	 0.868125	 0.086250	 47550.874501	 0.093125	 36865.186378	 0.901875	 0.095625	 
226.500000	 48578.202860	 0.144375	 56562.817096	 0.851875	 0.146250	 47526.663413	 0.093125	 37081.285608	 0.898125	 0.097500	 
227.000000	 48505.149698	 0.145625	 57381.239201	 0.835625	 0.155000	 47521.819583	 0.093125	 37205.973958	 0.898125	 0.097500	 
227.500000	 49778.644706	 0.118125	 53775.174832	 0.809375	 0.154375	 47489.272639	 0.095625	 37281.183813	 0.895625	 0.100000	 
228.000000	 48450.503861	 0.148125	 52278.908842	 0.789375	 0.179375	 47445.771505	 0.095625	 37339.808556	 0.894375	 0.100625	 
228.500000	 46529.253512	 0.153125	 51367.174822	 0.771875	 0.190625	 47385.719612	 0.095625	 37355.025955	 0.894375	 0.100625	 
229.000000	 46101.436977	 0.160625	 51471.263245	 0.730625	 0.215000	 47325.777482	 0.095625	 37321.423795	 0.894375	 0.100625	 
229.500000	 45939.994554	 0.156875	 49832.209167	 0.695625	 0.230625	 47251.960050	 0.096875	 37270.407803	 0.894375	 0.101250	 
230.000000	 45625.817050	 0.146875	 46958.476351	 0.655625	 0.245625	 47170.671368	 0.098125	 37183.284560	 0.893125	 0.102500	 
230.500000	 45215.197916	 0.148125	 43452.624722	 0.628125	 0.260000	 47091.743196	 0.100625	 37080.900727	 0.893125	 0.103750	 
231.000000	 44575.363052	 0.134375	 40570.209511	 0.633125	 0.250625	 47011.749422	 0.105625	 36968.369644	 0.893125	 0.106250	 
231.500000	 44904.139174	 0.175625	 39727.382107	 0.500625	 0.337500	 46917.257145	 0.110625	 36843.144307	 0.893125	 0.108750	 
232.000000	 45736.183724	 0.163125	 39741.707383	 0.523125	 0.320000	 46754.987939	 0.115625	 36717.582219	 0.893125	 0.111250	 
232.500000	 46036.252955	 0.229375	 39468.520386	 0.635625	 0.296875	 46625.181848	 0.115625	 36588.543052	 0.893125	 0.111250	 
233.000000	 50843.760596	 0.244375	 40425.966773	 0.623125	 0.310625	 46497.869792	 0.116875	 36453.013629	 0.893125	 0.111875	 
233.500000	 52439.202231	 0.238125	 43013.206852	 0.638125	 0.300000	 46373.772077	 0.118125	 36310.928617	 0.893125	 0.112500	 
234.000000	 55102.762289	 0.190625	 44948.197142	 0.660625	 0.265000	 46246.664131	 0.118125	 36162.819652	 0.893125	 0.112500	 
234.500000	 55148.834567	 0.201875	 48926.342691	 0.689375	 0.256250	 46147.524942	 0.120625	 35995.554172	 0.893125	 0.113750	 
235.000000	 54161.191875	 0.199375	 50909.968279	 0.705625	 0.246875	 46083.778328	 0.120625	 35809.988646	 0.893125	 0.113750	 
235.500000	 51213.028053	 0.210625	 48286.846376	 0.701875	 0.254375	 46044.813355	 0.120625	 35612.045101	 0.894375	 0.113125	 
236.000000	 49344.611289	 0.199375	 53169.331815	 0.638125	 0.280625	 46042.408350	 0.120625	 35401.774232	 0.894375	 0.113125	 
236.500000	 49164.378302	 0.089375	 56483.686013	 0.636875	 0.226250	 46073.759047	 0.120625	 35196.076524	 0.893125	 0.113750	 
237.000000	 51385.466075	 0.140625	 54542.489945	 0.646875	 0.246875	 46142.377981	 0.120625	 35040.909515	 0.890625	 0.115000	 
237.500000	 54091.807150	 0.109375	 45770.186707	 0.651875	 0.228750	 46242.555295	 0.120625	 34940.190308	 0.889375	 0.115625	 
238.000000	 55912.896225	 0.090625	 41286.946683	 0.776875	 0.156875	 46352.934935	 0.120625	 34866.412600	 0.889375	 0.115625	 
238.500000	 57598.716423	 0.045625	 41697.855477	 0.764375	 0.140625	 46455.545137	 0.120625	 34943.439773	 0.749375	 0.185625	 
239.000000	 59821.268153	 0.055625	 41440.321094	 0.736875	 0.159375	 46563.375081	 0.118125	 35021.984756	 0.749375	 0.184375	 
239.500000	 60359.691081	 0.074375	 41769.900154	 0.739375	 0.167500	 46704.519674	 0.118125	 35099.130896	 0.744375	 0.186875	 
240.000000	 62211.143766	 0.090625	 41212.603643	 0.775625	 0.157500	 46863.636070	 0.116875	 35147.431913	 0.749375	 0.183750	 
240.500000	 63652.465488	 0.115625	 41382.314196	 0.868125	 0.123750	 47068.215591	 0.115625	 35167.396823	 0.751875	 0.181875	 
241.000000	 62920.865986	 0.139375	 42438.207763	 0.863125	 0.138125	 47241.218640	 0.116875	 35194.314454	 0.754375	 0.181250	 
241.500000	 58092.420145	 0.159375	 41778.673315	 0.859375	 0.150000	 47302.892363	 0.118125	 35249.790243	 0.754375	 0.181875	 
242.000000	 51399.077532	 0.050625	 43633.048970	 0.778125	 0.136250	 47338.213420	 0.118125	 35328.293738	 0.754375	 0.181875	 
242.500000	 51914.558134	 0.056875	 43242.845945	 0.768125	 0.144375	 47363.548327	 0.118125	 35414.431525	 0.754375	 0.181875	 
243.000000	 52008.247850	 0.069375	 43247.019648	 0.743125	 0.163125	 47384.519723	 0.118125	 35494.392755	 0.754375	 0.181875	 
243.500000	 50611.648262	 0.094375	 43310.886133	 0.848125	 0.123125	 47408.329471	 0.118125	 35465.527306	 0.754375	 0.181875	 
244.000000	 50920.134684	 0.110625	 45946.379255	 0.868125	 0.121250	 47446.522735	 0.118125	 35442.226549	 0.756875	 0.180625	 
244.500000	 49644.391987	 0.134375	 47055.936318	 0.899375	 0.117500	 47462.504251	 0.118125	 35516.149845	 0.883125	 0.117500	 
245.000000	 48777.002018	 0.158125	 46774.376140	 0.919375	 0.119375	 47445.312650	 0.118125	 35594.310653	 0.884375	 0.116875	 
245.500000	 46289.043438	 0.148125	 46067.403939	 0.953125	 0.097500	 47418.203068	 0.118125	 35631.214816	 0.885625	 0.116250	 
246.000000	 46956.264643	 0.148125	 45368.843224	 0.960625	 0.093750	 47383.469018	 0.118125	 35632.390846	 0.886875	 0.115625	 
246.500000	 45935.531854	 0.148125	 45988.953129	 0.956875	 0.095625	 47336.833160	 0.118125	 35610.073385	 0.888125	 0.115000	 
247.000000	 44310.615641	 0.155625	 50880.792932	 0.650625	 0.252500	 47293.564129	 0.118125	 35597.585596	 0.889375	 0.114375	 
247.500000	 44649.811686	 0.145625	 54941.987111	 0.669375	 0.238125	 47200.124395	 0.120625	 35663.433427	 0.891875	 0.114375	 
248.000000	 47085.397761	 0.429375	 56016.867882	 0.671875	 0.378750	 47072.712396	 0.123125	 35739.143813	 0.889375	 0.116875	 
248.500000	 45780.110167	 0.431875	 55614.244967	 0.704375	 0.363750	 46939.184768	 0.124375	 35686.282103	 0.889375	 0.117500	 
249.000000	 46026.592669	 0.408125	 56613.536232	 0.705625	 0.351250	 46795.634791	 0.124375	 35643.864791	 0.889375	 0.117500	 
249.500000	 50024.356436	 0.325625	 54453.206571	 0.691875	 0.316875	 46654.019716	 0.124375	 35777.719861	 0.739375	 0.192500	 
250.000000	 54175.906733	 0.354375	 56337.714577	 0.703125	 0.325625	 46512.008500	 0.124375	 35917.869168	 0.736875	 0.193750	 
