#time   KE       internal potential normalisedEnergy  max w max theta
0  0  0  0  0  0  301.988
2  2.66712e-27  -8.09239e-08  8.06197e-08  -3.04226e-10  0.113916  301.988
4  2.86336e-26  -3.23617e-07  3.22582e-07  -1.0351e-09  0.194726  301.988
6  -9.9657e-26  -7.27975e-07  7.25863e-07  -2.11146e-09  0.245336  301.988
8  -8.95123e-26  -1.29245e-06  1.28888e-06  -3.56633e-09  0.28532  301.988
10  -2.45758e-25  -2.01025e-06  2.00494e-06  -5.31657e-09  0.333651  301.988
12  -2.759e-26  -2.86391e-06  2.85681e-06  -7.10173e-09  0.394672  301.988
14  -9.23771e-26  -3.82114e-06  3.81245e-06  -8.68373e-09  0.461257  301.988
16  -4.28144e-25  -4.83641e-06  4.8263e-06  -1.01103e-08  0.525993  301.988
18  9.72184e-26  -5.86012e-06  5.84833e-06  -1.17895e-08  0.587287  301.988
20  -6.60454e-25  -6.85171e-06  6.83748e-06  -1.42284e-08  0.647175  301.988
22  3.06806e-25  -7.78943e-06  7.77181e-06  -1.76197e-08  0.706816  301.988
24  5.44121e-25  -8.67109e-06  8.64936e-06  -2.17252e-08  0.765243  301.988
26  7.31298e-25  -9.50592e-06  9.47984e-06  -2.60878e-08  0.82132  301.987
28  2.01865e-24  -1.0304e-05  1.02736e-05  -3.03694e-08  0.875728  301.987
30  9.66375e-26  -1.10695e-05  1.10349e-05  -3.45565e-08  0.931005  301.987
32  -2.95699e-25  -1.18011e-05  1.17622e-05  -3.88967e-08  0.990032  301.987
34  4.14632e-25  -1.24957e-05  1.24521e-05  -4.36578e-08  1.05425  301.987
36  -3.75039e-24  -1.31522e-05  1.31033e-05  -4.89184e-08  1.1227  301.987
38  -4.14929e-24  -1.37715e-05  1.37169e-05  -5.45795e-08  1.19239  301.987
40  1.46327e-24  -1.43557e-05  1.42952e-05  -6.05045e-08  1.25995  301.987
42  3.97353e-24  -1.49063e-05  1.48396e-05  -6.6632e-08  1.32364  301.987
44  -1.53595e-24  -1.54237e-05  1.53507e-05  -7.29896e-08  1.38423  301.986
46  9.96464e-25  -1.5908e-05  1.58284e-05  -7.96502e-08  1.44417  301.986
48  4.61766e-25  -1.63598e-05  1.62731e-05  -8.66611e-08  1.50564  301.986
50  -5.16925e-24  -1.67794e-05  1.66854e-05  -9.40173e-08  1.56914  301.985
52  6.35617e-24  -1.71671e-05  1.70654e-05  -1.01684e-07  1.63348  301.985
54  1.04972e-23  -1.75224e-05  1.74128e-05  -1.09633e-07  1.69713  301.985
56  2.92434e-24  -1.78438e-05  1.77259e-05  -1.17851e-07  1.75938  301.984
58  9.6031e-25  -1.81281e-05  1.80018e-05  -1.26332e-07  1.82063  301.984
60  4.16563e-24  -1.83709e-05  1.82359e-05  -1.35068e-07  1.88165  301.983
62  -8.55392e-25  -1.85664e-05  1.84223e-05  -1.44059e-07  1.9428  301.983
64  2.10106e-24  -1.87077e-05  1.85544e-05  -1.53319e-07  2.00393  301.982
66  -2.36575e-24  -1.87881e-05  1.86252e-05  -1.62881e-07  2.06471  301.981
68  2.16687e-25  -1.88023e-05  1.86295e-05  -1.72781e-07  2.12523  301.981
70  6.91386e-24  -1.87477e-05  1.85647e-05  -1.83044e-07  2.18597  301.98
72  1.48573e-25  -1.86246e-05  1.84309e-05  -1.9367e-07  2.24751  301.979
74  -5.38932e-24  -1.84362e-05  1.82316e-05  -2.04648e-07  2.31012  301.978
76  -1.45085e-23  -1.81874e-05  1.79714e-05  -2.15963e-07  2.37361  301.977
78  8.82911e-24  -1.78833e-05  1.76557e-05  -2.27586e-07  2.43742  301.976
80  -2.37643e-24  -1.7528e-05  1.72886e-05  -2.39475e-07  2.5009  301.975
82  -2.72512e-24  -1.71248e-05  1.68731e-05  -2.51606e-07  2.56355  301.977
84  -1.01429e-23  -1.66761e-05  1.64121e-05  -2.64005e-07  2.62521  301.978
86  4.58969e-25  -1.61859e-05  1.59091e-05  -2.76724e-07  2.68652  301.979
88  7.31436e-24  -1.56595e-05  1.53697e-05  -2.89785e-07  2.74803  301.98
90  9.36768e-24  -1.51048e-05  1.48017e-05  -3.03154e-07  2.80977  301.981
92  -1.76356e-23  -1.45309e-05  1.42141e-05  -3.16789e-07  2.87207  301.982
94  2.42319e-23  -1.39463e-05  1.36156e-05  -3.3068e-07  2.93491  301.983
96  1.66951e-23  -1.33578e-05  1.3013e-05  -3.44837e-07  2.99795  301.983
98  2.01355e-23  -1.27691e-05  1.24098e-05  -3.59257e-07  3.06076  301.984
100  -1.19267e-23  -1.21805e-05  1.18066e-05  -3.73927e-07  3.1231  301.985
102  2.37653e-24  -1.15904e-05  1.12015e-05  -3.88877e-07  3.18498  301.985
104  -2.68163e-23  -1.09957e-05  1.05915e-05  -4.04167e-07  3.24664  301.986
106  -1.19164e-23  -1.03937e-05  9.97386e-06  -4.1982e-07  3.30828  301.986
108  -1.12836e-23  -9.78261e-06  9.34681e-06  -4.35802e-07  3.3699  301.986
110  -7.97195e-24  -9.16234e-06  8.71028e-06  -4.52068e-07  3.43128  301.987
112  -1.67271e-23  -8.53422e-06  8.06561e-06  -4.68611e-07  3.49212  301.987
114  -1.98733e-24  -7.90045e-06  7.41501e-06  -4.85443e-07  3.55223  301.986
116  -1.67641e-23  -7.2633e-06  6.76074e-06  -5.02554e-07  3.61164  301.986
118  3.06307e-23  -6.62446e-06  6.10452e-06  -5.19933e-07  3.67057  301.986
120  1.63976e-23  -5.98512e-06  5.44755e-06  -5.37575e-07  3.72942  301.985
122  -1.08481e-23  -5.34676e-06  4.79126e-06  -5.55499e-07  3.7886  301.985
124  2.28204e-23  -4.71243e-06  4.13871e-06  -5.73726e-07  3.84854  301.984
126  -2.46807e-23  -4.08826e-06  3.49599e-06  -5.92272e-07  3.90956  301.983
128  -9.6034e-24  -3.48453e-06  2.87339e-06  -6.11147e-07  3.97184  301.982
130  -3.11971e-23  -2.91625e-06  2.2859e-06  -6.3035e-07  4.03529  301.981
132  2.91517e-23  -2.40309e-06  1.7532e-06  -6.49895e-07  4.09949  301.979
134  -1.06386e-23  -1.96872e-06  1.29895e-06  -6.69774e-07  4.1637  301.977
136  -6.45464e-24  -1.63965e-06  9.49666e-07  -6.89979e-07  4.22712  301.976
138  -8.52856e-24  -1.44332e-06  7.32799e-07  -7.10518e-07  4.28916  301.973
140  -1.83556e-23  -1.40531e-06  6.73931e-07  -7.31383e-07  4.34977  301.975
142  -2.98854e-23  -1.54587e-06  7.93334e-07  -7.52536e-07  4.40949  301.977
144  -7.26107e-23  -1.87638e-06  1.10246e-06  -7.73928e-07  4.46938  301.979
146  -3.95195e-23  -2.39684e-06  1.60133e-06  -7.95509e-07  4.53057  301.98
148  4.44342e-23  -3.09515e-06  2.27791e-06  -8.17246e-07  4.59382  301.982
150  1.39874e-23  -3.94887e-06  3.10971e-06  -8.39166e-07  4.65915  301.983
152  -2.39028e-23  -4.92891e-06  4.06757e-06  -8.61341e-07  4.72572  301.984
154  1.64633e-23  -6.00419e-06  5.12033e-06  -8.83861e-07  4.7921  301.984
156  1.93122e-23  -7.14571e-06  6.23892e-06  -9.06791e-07  4.85677  301.985
158  -6.9236e-23  -8.32873e-06  7.39859e-06  -9.30141e-07  4.91872  301.985
160  4.81018e-23  -9.53246e-06  8.5786e-06  -9.53857e-07  4.97786  301.985
162  6.05733e-23  -1.07377e-05  9.75988e-06  -9.77841e-07  5.03496  301.985
164  3.79112e-23  -1.1924e-05  1.0922e-05  -1.00199e-06  5.09134  301.984
166  9.58407e-23  -1.30676e-05  1.20413e-05  -1.02625e-06  5.14816  301.984
168  -8.64464e-23  -1.41422e-05  1.30916e-05  -1.05063e-06  5.20584  301.982
170  1.29096e-22  -1.51228e-05  1.40476e-05  -1.07523e-06  5.2638  301.981
172  6.46973e-23  -1.59905e-05  1.48903e-05  -1.10019e-06  5.32069  301.979
174  5.19159e-24  -1.67376e-05  1.5612e-05  -1.12565e-06  5.37491  301.978
176  5.0833e-24  -1.737e-05  1.62184e-05  -1.15166e-06  5.42545  301.975
178  6.45428e-23  -1.79054e-05  1.67273e-05  -1.17816e-06  5.47249  301.973
180  -7.45591e-24  -1.83678e-05  1.71628e-05  -1.20502e-06  5.51751  301.973
182  8.14411e-23  -1.87801e-05  1.7548e-05  -1.23206e-06  5.56382  301.975
184  -4.57253e-23  -1.9158e-05  1.78988e-05  -1.25914e-06  5.61565  301.977
186  -4.59884e-23  -1.95062e-05  1.822e-05  -1.28626e-06  5.67205  301.979
188  -1.29881e-22  -1.98199e-05  1.85065e-05  -1.31347e-06  5.73305  301.981
190  5.83998e-23  -2.00887e-05  1.87478e-05  -1.34092e-06  5.79706  301.982
192  1.46709e-23  -2.03024e-05  1.89337e-05  -1.36875e-06  5.86145  301.983
194  -5.08625e-23  -2.04555e-05  1.90584e-05  -1.39704e-06  5.92376  301.983
196  -1.61715e-22  -2.05489e-05  1.91231e-05  -1.42579e-06  5.98277  301.983
198  -6.24173e-23  -2.05891e-05  1.91342e-05  -1.45494e-06  6.03908  301.983
200  -4.54579e-24  -2.05843e-05  1.91e-05  -1.48437e-06  6.09472  301.983
202  7.14399e-23  -2.05413e-05  1.90274e-05  -1.51397e-06  6.15209  301.982
204  -1.77853e-22  -2.04626e-05  1.89189e-05  -1.5437e-06  6.21263  301.98
206  -5.78271e-23  -2.03458e-05  1.87722e-05  -1.57357e-06  6.27592  301.979
208  1.10198e-23  -2.0185e-05  1.85813e-05  -1.60367e-06  6.33983  301.976
210  -1.35981e-23  -1.99732e-05  1.83392e-05  -1.63405e-06  6.4014  301.974
212  -2.22657e-23  -1.97049e-05  1.80401e-05  -1.66478e-06  6.45824  301.971
214  7.49877e-23  -1.93774e-05  1.76816e-05  -1.69585e-06  6.50957  301.97
216  -4.82302e-23  -1.89921e-05  1.72648e-05  -1.72726e-06  6.55651  301.973
218  2.35082e-23  -1.85529e-05  1.67939e-05  -1.75897e-06  6.6015  301.976
220  3.9826e-23  -1.80657e-05  1.62748e-05  -1.79096e-06  6.64717  301.978
222  5.60592e-26  -1.75368e-05  1.57136e-05  -1.8232e-06  6.69533  301.979
224  7.24406e-23  -1.69724e-05  1.51167e-05  -1.85568e-06  6.74646  301.98
226  4.51501e-23  -1.63789e-05  1.44904e-05  -1.88843e-06  6.79985  301.981
228  -6.71057e-23  -1.5763e-05  1.38416e-05  -1.92144e-06  6.8542  301.981
230  8.13881e-23  -1.51326e-05  1.31779e-05  -1.95471e-06  6.9083  301.981
232  1.15305e-23  -1.44959e-05  1.25076e-05  -1.98821e-06  6.96146  301.98
234  -9.94585e-24  -1.38607e-05  1.18388e-05  -2.02193e-06  7.01356  301.979
236  6.08597e-24  -1.32342e-05  1.11783e-05  -2.05584e-06  7.06485  301.977
238  8.7391e-23  -1.26214e-05  1.05314e-05  -2.08996e-06  7.11563  301.975
240  1.2733e-22  -1.20262e-05  9.90187e-06  -2.12433e-06  7.16603  301.972
242  5.57964e-23  -1.14516e-05  9.29259e-06  -2.15899e-06  7.21594  301.968
244  1.67557e-22  -1.09004e-05  8.70644e-06  -2.19397e-06  7.26512  301.966
246  -6.17241e-23  -1.03755e-05  8.14627e-06  -2.22925e-06  7.31336  301.97
248  -4.13752e-23  -9.87922e-06  7.61443e-06  -2.26479e-06  7.36249  301.973
250  -3.36688e-23  -9.41241e-06  7.11189e-06  -2.30052e-06  7.4143  301.975
252  6.64781e-23  -8.97395e-06  6.63753e-06  -2.33642e-06  7.46525  301.977
254  1.86048e-23  -8.56074e-06  6.18825e-06  -2.37249e-06  7.51559  301.978
256  2.12285e-23  -8.16865e-06  5.75989e-06  -2.40876e-06  7.56556  301.979
258  -6.42982e-23  -7.794e-06  5.3487e-06  -2.4453e-06  7.61525  301.978
260  -1.92435e-23  -7.43496e-06  4.95277e-06  -2.48219e-06  7.66453  301.978
262  -2.09758e-24  -7.09228e-06  4.57285e-06  -2.51943e-06  7.71309  301.976
264  -5.97632e-23  -6.76939e-06  4.21245e-06  -2.55694e-06  7.76056  301.975
266  1.73263e-22  -6.47185e-06  3.87717e-06  -2.59467e-06  7.80667  301.972
268  4.91284e-23  -6.20649e-06  3.57392e-06  -2.63257e-06  7.8514  301.969
270  3.41843e-23  -5.98083e-06  3.3102e-06  -2.67064e-06  7.89504  301.965
272  6.32846e-23  -5.80282e-06  3.09394e-06  -2.70888e-06  7.93818  301.961
274  -8.23696e-24  -5.68116e-06  2.93384e-06  -2.74732e-06  7.98153  301.965
276  -1.75825e-22  -5.62604e-06  2.84005e-06  -2.786e-06  8.02583  301.969
278  4.9504e-23  -5.64978e-06  2.82484e-06  -2.82494e-06  8.07162  301.971
280  -9.24976e-23  -5.76711e-06  2.90292e-06  -2.86419e-06  8.11914  301.973
282  -1.40092e-22  -5.99464e-06  3.09088e-06  -2.90375e-06  8.16826  301.975
284  1.14944e-22  -6.34941e-06  3.40583e-06  -2.94359e-06  8.21843  301.975
286  -8.16044e-23  -6.84671e-06  3.86307e-06  -2.98364e-06  8.26889  301.975
288  1.1118e-22  -7.49736e-06  4.47348e-06  -3.02389e-06  8.31873  301.974
290  -3.76387e-23  -8.30524e-06  5.24094e-06  -3.06429e-06  8.36717  301.972
292  -1.29406e-22  -9.26537e-06  6.16054e-06  -3.10483e-06  8.41365  301.969
294  2.74864e-23  -1.03632e-05  7.21776e-06  -3.14548e-06  8.4579  301.966
296  -2.0476e-22  -1.15753e-05  8.38906e-06  -3.18625e-06  8.49994  301.962
298  3.13927e-23  -1.28707e-05  9.64357e-06  -3.22716e-06  8.53994  301.957
300  -2.14103e-22  -1.42139e-05  1.09457e-05  -3.26826e-06  8.57814  301.958
302  2.5098e-22  -1.55675e-05  1.2258e-05  -3.30956e-06  8.61478  301.962
304  -2.46886e-22  -1.68956e-05  1.35445e-05  -3.35108e-06  8.65012  301.966
306  1.64146e-22  -1.81662e-05  1.47733e-05  -3.39283e-06  8.68438  301.968
308  -1.07179e-22  -1.93531e-05  1.59183e-05  -3.43482e-06  8.71932  301.97
310  -8.53546e-24  -2.04368e-05  1.69598e-05  -3.47704e-06  8.75773  301.97
312  -2.32096e-23  -2.1404e-05  1.78845e-05  -3.51948e-06  8.79576  301.97
314  1.77108e-22  -2.22466e-05  1.86845e-05  -3.5621e-06  8.83346  301.969
316  1.75204e-22  -2.29606e-05  1.93557e-05  -3.60487e-06  8.87082  301.967
318  1.24248e-22  -2.35445e-05  1.98967e-05  -3.64775e-06  8.90783  301.964
320  7.77577e-23  -2.39995e-05  2.03088e-05  -3.69074e-06  8.94453  301.96
322  -1.93508e-22  -2.43297e-05  2.05958e-05  -3.7339e-06  8.98106  301.955
324  2.94326e-23  -2.45425e-05  2.07652e-05  -3.7773e-06  9.01752  301.949
326  1.17505e-22  -2.46501e-05  2.08291e-05  -3.82101e-06  9.05397  301.95
328  -1.50033e-24  -2.4669e-05  2.0804e-05  -3.86504e-06  9.09028  301.955
330  2.19067e-22  -2.46186e-05  2.07092e-05  -3.90935e-06  9.12618  301.959
332  -1.95364e-22  -2.4519e-05  2.05651e-05  -3.95387e-06  9.1613  301.962
334  -3.00152e-23  -2.43872e-05  2.03887e-05  -3.99849e-06  9.19536  301.964
336  -1.4071e-22  -2.4234e-05  2.01908e-05  -4.04314e-06  9.22823  301.965
338  1.36944e-22  -2.40622e-05  1.99745e-05  -4.08779e-06  9.26004  301.964
340  7.93163e-23  -2.38669e-05  1.97345e-05  -4.13244e-06  9.29113  301.963
342  -2.18519e-22  -2.36379e-05  1.94607e-05  -4.17717e-06  9.32193  301.96
344  -3.66521e-23  -2.33637e-05  1.91416e-05  -4.22209e-06  9.35288  301.957
346  2.72496e-22  -2.30365e-05  1.87693e-05  -4.26729e-06  9.38425  301.952
348  -6.38828e-23  -2.26546e-05  1.83418e-05  -4.31279e-06  9.41616  301.946
350  1.93221e-22  -2.22231e-05  1.78646e-05  -4.35856e-06  9.44853  301.939
352  -1.49396e-22  -2.17526e-05  1.73481e-05  -4.40449e-06  9.48114  301.941
354  2.87035e-22  -2.12547e-05  1.68042e-05  -4.45051e-06  9.51377  301.947
356  -6.96513e-23  -2.07389e-05  1.62424e-05  -4.49653e-06  9.54621  301.952
358  -2.96933e-23  -2.02092e-05  1.56667e-05  -4.54256e-06  9.57836  301.955
360  1.6841e-23  -1.96643e-05  1.50756e-05  -4.58862e-06  9.61022  301.957
362  -3.59374e-22  -1.90989e-05  1.44641e-05  -4.63482e-06  9.64182  301.957
364  1.19409e-22  -1.8508e-05  1.38267e-05  -4.68125e-06  9.6731  301.957
366  -1.62854e-22  -1.78898e-05  1.31619e-05  -4.72795e-06  9.70386  301.955
368  6.72758e-23  -1.72485e-05  1.24736e-05  -4.77492e-06  9.73373  301.951
370  -1.76648e-22  -1.6594e-05  1.17719e-05  -4.82206e-06  9.76225  301.947
372  1.61873e-22  -1.59401e-05  1.10708e-05  -4.86928e-06  9.78897  301.941
374  2.58627e-22  -1.53014e-05  1.03849e-05  -4.91652e-06  9.81366  301.934
376  -1.01317e-22  -1.46906e-05  9.72688e-06  -4.96372e-06  9.83711  301.926
378  -1.13917e-23  -1.41163e-05  9.10541e-06  -5.01091e-06  9.86246  301.929
380  -1.02547e-22  -1.35831e-05  8.52495e-06  -5.0581e-06  9.88665  301.936
382  -1.37397e-22  -1.30924e-05  7.98704e-06  -5.10538e-06  9.91023  301.941
384  -7.24237e-23  -1.26448e-05  7.49198e-06  -5.15282e-06  9.93378  301.945
386  -8.15045e-24  -1.22409e-05  7.04042e-06  -5.20044e-06  9.95784  301.947
388  5.37336e-23  -1.18821e-05  6.63386e-06  -5.24826e-06  9.98286  301.947
390  -1.57225e-22  -1.15706e-05  6.27437e-06  -5.29622e-06  10.0091  301.946
392  -4.9979e-23  -1.13079e-05  5.96361e-06  -5.34429e-06  10.0368  301.944
394  -7.76477e-23  -1.10943e-05  5.70186e-06  -5.39243e-06  10.0656  301.94
396  -1.21329e-22  -1.09282e-05  5.48756e-06  -5.44061e-06  10.095  301.935
398  1.89919e-22  -1.08064e-05  5.31755e-06  -5.48885e-06  10.1243  301.928
400  -8.33338e-24  -1.07249e-05  5.18772e-06  -5.53716e-06  10.1528  301.92
402  9.98492e-23  -1.06796e-05  5.09403e-06  -5.58556e-06  10.1798  301.911
404  -3.77303e-22  -1.06673e-05  5.03325e-06  -5.63407e-06  10.2052  301.913
406  -2.87385e-22  -1.06861e-05  5.00345e-06  -5.68267e-06  10.2291  301.921
408  6.55357e-23  -1.07355e-05  5.00417e-06  -5.73133e-06  10.252  301.927
410  6.31283e-23  -1.08165e-05  5.03643e-06  -5.78004e-06  10.2745  301.931
412  -2.15952e-22  -1.09316e-05  5.1028e-06  -5.82878e-06  10.2969  301.933
414  1.94626e-22  -1.10851e-05  5.20753e-06  -5.87756e-06  10.3194  301.934
416  -1.91971e-22  -1.1283e-05  5.35662e-06  -5.92639e-06  10.3418  301.933
418  -2.42649e-22  -1.15331e-05  5.55783e-06  -5.97528e-06  10.3639  301.93
420  1.40652e-22  -1.18445e-05  5.82031e-06  -6.02424e-06  10.3854  301.926
422  4.38501e-22  -1.22273e-05  6.15404e-06  -6.07325e-06  10.4065  301.92
424  -2.96085e-23  -1.26913e-05  6.56896e-06  -6.12231e-06  10.4273  301.912
426  -1.73667e-22  -1.32456e-05  7.07415e-06  -6.17141e-06  10.4484  301.904
428  -2.98331e-22  -1.38977e-05  7.6771e-06  -6.22056e-06  10.4701  301.893
430  3.21774e-23  -1.46529e-05  8.38317e-06  -6.26976e-06  10.4928  301.888
432  9.7338e-23  -1.55141e-05  9.19508e-06  -6.31901e-06  10.5164  301.898
434  -2.77455e-22  -1.64806e-05  1.01123e-05  -6.36831e-06  10.5405  301.906
436  1.74731e-22  -1.75479e-05  1.11302e-05  -6.41767e-06  10.5647  301.911
438  3.39819e-22  -1.8706e-05  1.22389e-05  -6.46707e-06  10.5883  301.915
440  -5.92757e-22  -1.99389e-05  1.34224e-05  -6.5165e-06  10.6109  301.916
442  -1.77543e-22  -2.12236e-05  1.46577e-05  -6.5659e-06  10.6323  301.915
444  -2.48439e-22  -2.25307e-05  1.59154e-05  -6.61526e-06  10.6524  301.913
446  -2.64874e-22  -2.38254e-05  1.71608e-05  -6.66455e-06  10.6715  301.908
448  -5.52074e-22  -2.50705e-05  1.83567e-05  -6.71376e-06  10.6897  301.902
450  -7.84639e-23  -2.62292e-05  1.94663e-05  -6.76293e-06  10.7072  301.894
452  -2.92301e-22  -2.72689e-05  2.04568e-05  -6.8121e-06  10.724  301.886
454  -2.6229e-22  -2.81637e-05  2.13023e-05  -6.86134e-06  10.7398  301.878
456  4.81024e-23  -2.88964e-05  2.19857e-05  -6.91068e-06  10.7545  301.869
458  -4.57676e-22  -2.94589e-05  2.24988e-05  -6.96014e-06  10.7678  301.867
460  8.70923e-23  -2.98515e-05  2.28418e-05  -7.00969e-06  10.7798  301.877
462  1.60452e-22  -3.00815e-05  2.30222e-05  -7.0593e-06  10.7908  301.884
464  -3.78276e-22  -3.01608e-05  2.30519e-05  -7.10894e-06  10.8012  301.889
466  3.38135e-23  -3.01046e-05  2.2946e-05  -7.15857e-06  10.8139  301.891
468  1.94303e-22  -2.99292e-05  2.27211e-05  -7.20817e-06  10.8282  301.892
470  5.58451e-22  -2.96516e-05  2.23939e-05  -7.25772e-06  10.8438  301.89
472  -7.22123e-23  -2.92884e-05  2.19812e-05  -7.30723e-06  10.8609  301.887
474  -1.6957e-22  -2.88561e-05  2.14994e-05  -7.35671e-06  10.8793  301.881
476  -1.01441e-22  -2.83707e-05  2.09645e-05  -7.4062e-06  10.8987  301.874
478  -7.46864e-23  -2.78478e-05  2.03921e-05  -7.45572e-06  10.9185  301.868
480  -1.20028e-22  -2.73016e-05  1.97964e-05  -7.50527e-06  10.9384  301.86
482  4.64969e-22  -2.67443e-05  1.91894e-05  -7.55484e-06  10.9581  301.853
484  -6.45234e-23  -2.61848e-05  1.85804e-05  -7.60439e-06  10.9776  301.848
486  -6.27385e-22  -2.56281e-05  1.79742e-05  -7.6539e-06  10.997  301.841
488  -7.6588e-23  -2.50745e-05  1.73711e-05  -7.70335e-06  11.0167  301.847
490  1.68517e-22  -2.45203e-05  1.67675e-05  -7.75273e-06  11.0367  301.854
492  -8.02011e-23  -2.3959e-05  1.61569e-05  -7.80204e-06  11.0571  301.859
494  -1.14351e-23  -2.33836e-05  1.55322e-05  -7.85133e-06  11.0776  301.862
496  4.16142e-22  -2.27887e-05  1.48881e-05  -7.90062e-06  11.0977  301.862
498  3.24651e-22  -2.21729e-05  1.4223e-05  -7.94994e-06  11.1169  301.86
500  -3.14038e-23  -2.15396e-05  1.35403e-05  -7.99932e-06  11.1345  301.856
502  7.91377e-23  -2.08968e-05  1.28481e-05  -8.04874e-06  11.1502  301.85
504  3.88753e-22  -2.02556e-05  1.21574e-05  -8.09816e-06  11.1639  301.845
506  2.39769e-23  -1.96272e-05  1.14797e-05  -8.14752e-06  11.1763  301.838
508  9.39071e-23  -1.90211e-05  1.08244e-05  -8.19674e-06  11.1882  301.832
510  -2.87704e-22  -1.84427e-05  1.01969e-05  -8.24576e-06  11.201  301.828
512  6.79321e-22  -1.78931e-05  9.59857e-06  -8.29455e-06  11.2157  301.822
514  -5.86847e-22  -1.73706e-05  9.02748e-06  -8.34316e-06  11.2331  301.814
516  2.01793e-22  -1.68729e-05  8.48127e-06  -8.39166e-06  11.2532  301.81
518  3.51502e-22  -1.63999e-05  7.95969e-06  -8.44018e-06  11.2752  301.818
520  4.85298e-22  -1.59554e-05  7.46663e-06  -8.48881e-06  11.2978  301.824
522  4.95999e-23  -1.55482e-05  7.01063e-06  -8.53758e-06  11.3193  301.827
524  6.26792e-23  -1.51901e-05  6.60367e-06  -8.58644e-06  11.3384  301.827
526  -9.9213e-23  -1.48938e-05  6.25848e-06  -8.63532e-06  11.3544  301.825
528  1.69152e-22  -1.46695e-05  5.98545e-06  -8.68409e-06  11.3673  301.821
530  4.87024e-23  -1.45228e-05  5.79009e-06  -8.73271e-06  11.378  301.816
532  7.54148e-23  -1.4453e-05  5.6719e-06  -8.78113e-06  11.3875  301.811
534  -1.78135e-22  -1.44544e-05  5.62503e-06  -8.82941e-06  11.3969  301.804
536  2.67254e-22  -1.45179e-05  5.64033e-06  -8.87759e-06  11.4072  301.802
538  2.44963e-22  -1.46338e-05  5.70805e-06  -8.92574e-06  11.4186  301.798
540  3.59138e-22  -1.47941e-05  5.82015e-06  -8.97392e-06  11.431  301.791
542  -1.13406e-22  -1.49936e-05  5.97151e-06  -9.02213e-06  11.4438  301.782
544  -2.21974e-22  -1.52301e-05  6.15981e-06  -9.07032e-06  11.4565  301.782
546  4.5337e-23  -1.55027e-05  6.38431e-06  -9.11842e-06  11.4686  301.78
548  -3.13501e-22  -1.58107e-05  6.64432e-06  -9.16637e-06  11.4803  301.782
550  1.6221e-22  -1.61521e-05  6.938e-06  -9.21413e-06  11.4916  301.786
552  2.83388e-22  -1.65239e-05  7.26218e-06  -9.26171e-06  11.5031  301.788
554  -6.36792e-22  -1.69222e-05  7.61301e-06  -9.30916e-06  11.5178  301.787
556  2.64337e-22  -1.7344e-05  7.98744e-06  -9.35656e-06  11.5356  301.783
558  -3.25227e-22  -1.77886e-05  8.38459e-06  -9.40398e-06  11.5544  301.779
560  1.81765e-22  -1.8258e-05  8.80661e-06  -9.45143e-06  11.5744  301.775
562  -6.71444e-22  -1.87576e-05  9.25876e-06  -9.49889e-06  11.5953  301.769
564  -9.02906e-23  -1.92948e-05  9.7485e-06  -9.5463e-06  11.6168  301.767
566  6.69268e-22  -1.98778e-05  1.02843e-05  -9.59358e-06  11.6383  301.763
568  -4.3412e-23  -2.05146e-05  1.08739e-05  -9.64069e-06  11.6593  301.756
570  -4.99046e-22  -2.12116e-05  1.1524e-05  -9.68763e-06  11.6791  301.751
572  7.81332e-22  -2.19729e-05  1.22385e-05  -9.73441e-06  11.6975  301.75
574  -6.99147e-22  -2.28002e-05  1.30192e-05  -9.78106e-06  11.7142  301.747
576  -2.98831e-22  -2.36927e-05  1.3865e-05  -9.82764e-06  11.7294  301.742
578  -2.50516e-22  -2.46464e-05  1.47722e-05  -9.87414e-06  11.7435  301.741
580  -5.50181e-22  -2.56542e-05  1.57336e-05  -9.9206e-06  11.7567  301.744
582  3.21219e-22  -2.67052e-05  1.67382e-05  -9.96701e-06  11.7694  301.745
584  5.58065e-22  -2.7784e-05  1.77707e-05  -1.00134e-05  11.7817  301.743
586  1.60224e-22  -2.8871e-05  1.88114e-05  -1.00596e-05  11.7938  301.739
588  -1.73645e-22  -2.99421e-05  1.98363e-05  -1.01058e-05  11.8056  301.736
590  1.03683e-22  -3.09698e-05  2.08181e-05  -1.01517e-05  11.8171  301.73
592  -4.23901e-22  -3.19247e-05  2.17272e-05  -1.01975e-05  11.8284  301.728
594  -2.20814e-22  -3.27766e-05  2.25334e-05  -1.02432e-05  11.8397  301.725
596  -7.36479e-23  -3.34968e-05  2.32081e-05  -1.02887e-05  11.8511  301.719
598  -3.54995e-22  -3.40604e-05  2.37262e-05  -1.03341e-05  11.863  301.714
600  8.1039e-22  -3.44477e-05  2.40682e-05  -1.03795e-05  11.875  301.714
602  3.42384e-22  -3.46468e-05  2.4222e-05  -1.04248e-05  11.8871  301.711
604  2.97427e-22  -3.46545e-05  2.41843e-05  -1.04702e-05  11.8987  301.706
606  2.33107e-22  -3.44765e-05  2.39609e-05  -1.05156e-05  11.9094  301.699
608  -2.1377e-22  -3.41273e-05  2.35663e-05  -1.05609e-05  11.9191  301.697
610  3.43919e-22  -3.36284e-05  2.30222e-05  -1.06062e-05  11.9277  301.7
612  -1.88708e-22  -3.30061e-05  2.23549e-05  -1.06513e-05  11.9356  301.7
614  1.93992e-22  -3.22888e-05  2.15926e-05  -1.06961e-05  11.9432  301.698
616  1.08768e-22  -3.1504e-05  2.07632e-05  -1.07408e-05  11.9511  301.695
618  -4.94478e-22  -3.06769e-05  1.98916e-05  -1.07854e-05  11.9596  301.691
620  6.19693e-23  -2.98287e-05  1.89989e-05  -1.08298e-05  11.9686  301.687
622  -5.85274e-23  -2.89763e-05  1.81022e-05  -1.08741e-05  11.978  301.685
624  1.36639e-22  -2.81328e-05  1.72144e-05  -1.09184e-05  11.9885  301.681
626  -6.87772e-22  -2.73082e-05  1.63455e-05  -1.09627e-05  12.004  301.675
628  -1.85703e-23  -2.65099e-05  1.5503e-05  -1.10069e-05  12.0189  301.673
630  -3.70967e-22  -2.57433e-05  1.46922e-05  -1.10511e-05  12.0335  301.672
632  -6.86504e-22  -2.50117e-05  1.39165e-05  -1.10951e-05  12.048  301.669
634  1.09425e-22  -2.43164e-05  1.31774e-05  -1.1139e-05  12.0628  301.663
636  -9.52003e-23  -2.36563e-05  1.24737e-05  -1.11827e-05  12.0785  301.656
638  1.89076e-22  -2.30284e-05  1.18023e-05  -1.12261e-05  12.0952  301.656
640  2.85593e-22  -2.24279e-05  1.11585e-05  -1.12694e-05  12.1128  301.657
642  8.0158e-23  -2.18495e-05  1.05371e-05  -1.13125e-05  12.1311  301.655
644  5.11852e-22  -2.12891e-05  9.93363e-06  -1.13554e-05  12.1495  301.653
646  -8.66434e-22  -2.07444e-05  9.34608e-06  -1.13983e-05  12.1671  301.65
648  3.71751e-22  -2.02167e-05  8.77552e-06  -1.14412e-05  12.1835  301.647
650  3.37641e-22  -1.97107e-05  8.22668e-06  -1.1484e-05  12.198  301.643
652  4.10645e-22  -1.92342e-05  7.70733e-06  -1.15269e-05  12.2107  301.641
654  6.5662e-22  -1.87967e-05  7.22714e-06  -1.15696e-05  12.2217  301.638
656  7.72847e-24  -1.84081e-05  6.79583e-06  -1.16122e-05  12.2315  301.636
658  -4.79429e-22  -1.80761e-05  6.42148e-06  -1.16547e-05  12.2409  301.632
660  4.49979e-22  -1.7806e-05  6.10914e-06  -1.16969e-05  12.2503  301.63
662  -5.7802e-22  -1.75992e-05  5.86035e-06  -1.17389e-05  12.2602  301.626
664  -1.80811e-23  -1.74542e-05  5.67362e-06  -1.17806e-05  12.2706  301.62
666  -4.62674e-22  -1.73679e-05  5.54578e-06  -1.18222e-05  12.2811  301.614
668  5.14965e-22  -1.73373e-05  5.47374e-06  -1.18636e-05  12.2913  301.616
670  -5.29304e-22  -1.73611e-05  5.45613e-06  -1.19049e-05  12.3008  301.615
672  1.39717e-22  -1.74404e-05  5.49418e-06  -1.19462e-05  12.3091  301.614
674  -3.77228e-22  -1.7579e-05  5.59151e-06  -1.19875e-05  12.3163  301.612
676  -1.92766e-22  -1.77816e-05  5.75294e-06  -1.20287e-05  12.3227  301.608
678  -6.58063e-22  -1.80521e-05  5.98234e-06  -1.20697e-05  12.3285  301.604
680  7.76371e-23  -1.83913e-05  6.28062e-06  -1.21106e-05  12.3342  301.6
682  -3.58434e-22  -1.87956e-05  6.6442e-06  -1.21514e-05  12.3407  301.598
684  -1.49904e-22  -1.92566e-05  7.06471e-06  -1.21919e-05  12.3558  301.598
686  8.04046e-22  -1.97624e-05  7.52999e-06  -1.22324e-05  12.3706  301.594
688  1.64936e-21  -2.0299e-05  8.02628e-06  -1.22728e-05  12.385  301.589
690  4.345e-23  -2.08538e-05  8.54074e-06  -1.23131e-05  12.3985  301.587
692  4.84681e-22  -2.14171e-05  9.06367e-06  -1.23534e-05  12.411  301.584
694  -5.66452e-23  -2.19835e-05  9.58979e-06  -1.23937e-05  12.4227  301.583
696  1.16023e-22  -2.2552e-05  1.01181e-05  -1.24338e-05  12.4337  301.58
698  -1.33781e-22  -2.31246e-05  1.06508e-05  -1.24738e-05  12.4443  301.578
700  -1.38119e-22  -2.37047e-05  1.11912e-05  -1.25135e-05  12.4548  301.578
702  -3.77501e-22  -2.42948e-05  1.17418e-05  -1.2553e-05  12.4654  301.576
704  2.45384e-22  -2.48961e-05  1.23039e-05  -1.25922e-05  12.476  301.571
706  -4.54244e-22  -2.55081e-05  1.28769e-05  -1.26312e-05  12.4868  301.565
708  -1.80604e-22  -2.61295e-05  1.34596e-05  -1.26699e-05  12.4975  301.562
710  6.32499e-22  -2.67601e-05  1.40515e-05  -1.27086e-05  12.508  301.559
712  2.42271e-22  -2.74012e-05  1.4654e-05  -1.27472e-05  12.5184  301.558
714  1.11849e-22  -2.80567e-05  1.5271e-05  -1.27857e-05  12.5287  301.556
716  -1.04335e-22  -2.87319e-05  1.59078e-05  -1.28241e-05  12.539  301.553
718  4.70654e-22  -2.94323e-05  1.65698e-05  -1.28625e-05  12.5493  301.551
720  -2.05252e-22  -3.01611e-05  1.72603e-05  -1.29008e-05  12.5594  301.552
722  -6.07914e-24  -3.09178e-05  1.79788e-05  -1.2939e-05  12.5692  301.55
724  5.16094e-22  -3.16966e-05  1.87196e-05  -1.29771e-05  12.5781  301.546
726  3.97622e-22  -3.24865e-05  1.94715e-05  -1.30151e-05  12.5857  301.539
728  4.74043e-23  -3.32716e-05  2.02186e-05  -1.3053e-05  12.5914  301.54
730  -1.79605e-22  -3.40326e-05  2.09417e-05  -1.30909e-05  12.5947  301.538
732  -2.38063e-22  -3.47478e-05  2.16192e-05  -1.31287e-05  12.5953  301.534
734  5.51147e-22  -3.53948e-05  2.22285e-05  -1.31663e-05  12.5966  301.528
736  -3.04366e-23  -3.59508e-05  2.2747e-05  -1.32038e-05  12.6032  301.522
738  5.34843e-23  -3.63935e-05  2.31524e-05  -1.32411e-05  12.6078  301.522
740  2.09011e-22  -3.67015e-05  2.34234e-05  -1.32781e-05  12.6109  301.519
742  2.691e-22  -3.68559e-05  2.35409e-05  -1.33149e-05  12.6133  301.517
744  -7.58021e-22  -3.6841e-05  2.34894e-05  -1.33516e-05  12.6159  301.516
746  -5.36338e-23  -3.66463e-05  2.32581e-05  -1.33881e-05  12.6193  301.517
748  -8.28982e-22  -3.62683e-05  2.28437e-05  -1.34246e-05  12.6242  301.517
750  1.06851e-23  -3.57114e-05  2.22504e-05  -1.3461e-05  12.6308  301.514
752  9.33946e-23  -3.49889e-05  2.14915e-05  -1.34974e-05  12.6388  301.51
754  -4.18941e-22  -3.41218e-05  2.05881e-05  -1.35337e-05  12.6475  301.503
756  4.67534e-22  -3.31382e-05  1.95682e-05  -1.357e-05  12.6561  301.5
758  -5.49969e-22  -3.20703e-05  1.84641e-05  -1.36062e-05  12.6638  301.5
760  -4.47761e-22  -3.09522e-05  1.731e-05  -1.36422e-05  12.6699  301.498
762  3.92944e-22  -2.98174e-05  1.61393e-05  -1.36781e-05  12.6744  301.494
764  3.62592e-22  -2.86959e-05  1.49821e-05  -1.37138e-05  12.6778  301.488
766  5.63082e-22  -2.76129e-05  1.38635e-05  -1.37494e-05  12.6806  301.483
768  -6.78452e-25  -2.65876e-05  1.28028e-05  -1.37848e-05  12.6834  301.486
770  2.95219e-22  -2.56329e-05  1.18127e-05  -1.38202e-05  12.6867  301.487
772  -8.86541e-22  -2.47556e-05  1.09002e-05  -1.38554e-05  12.6904  301.485
774  -4.58784e-22  -2.39578e-05  1.00673e-05  -1.38904e-05  12.6941  301.481
776  -1.57799e-23  -2.32377e-05  9.31231e-06  -1.39254e-05  12.6971  301.48
778  4.12211e-22  -2.25915e-05  8.63129e-06  -1.39602e-05  12.6984  301.478
780  -1.39352e-22  -2.20142e-05  8.01931e-06  -1.39949e-05  12.7019  301.475
782  -4.35353e-22  -2.15008e-05  7.47124e-06  -1.40295e-05  12.7117  301.469
784  -1.58473e-22  -2.10463e-05  6.98225e-06  -1.40641e-05  12.7194  301.462
786  4.64642e-22  -2.06465e-05  6.54799e-06  -1.40985e-05  12.7255  301.461
788  3.62422e-22  -2.02973e-05  6.16454e-06  -1.41328e-05  12.7305  301.46
790  -2.38884e-23  -1.99954e-05  5.82842e-06  -1.41669e-05  12.7351  301.459
792  -2.48269e-22  -1.97377e-05  5.53684e-06  -1.42009e-05  12.7396  301.455
794  -2.89125e-22  -1.95227e-05  5.28803e-06  -1.42347e-05  12.7443  301.452
796  -1.01732e-22  -1.935e-05  5.08173e-06  -1.42683e-05  12.7491  301.454
798  -3.48118e-22  -1.92214e-05  4.91956e-06  -1.43018e-05  12.7541  301.454
800  -9.64222e-22  -1.91403e-05  4.80503e-06  -1.43353e-05  12.7592  301.452
802  -5.24029e-22  -1.91118e-05  4.74316e-06  -1.43687e-05  12.7642  301.448
804  -5.04982e-22  -1.91415e-05  4.73951e-06  -1.4402e-05  12.769  301.442
806  7.53348e-22  -1.92342e-05  4.79909e-06  -1.44351e-05  12.7732  301.442
808  1.42146e-22  -1.93934e-05  4.92518e-06  -1.44682e-05  12.7763  301.44
810  1.03713e-22  -1.96196e-05  5.11849e-06  -1.45011e-05  12.7779  301.436
812  3.40161e-22  -1.99108e-05  5.37694e-06  -1.45338e-05  12.7774  301.431
814  4.26214e-23  -2.02625e-05  5.69608e-06  -1.45664e-05  12.7746  301.428
816  4.86489e-23  -2.06691e-05  6.07008e-06  -1.4599e-05  12.7692  301.423
818  1.09582e-22  -2.11244e-05  6.4929e-06  -1.46315e-05  12.7616  301.423
820  1.21478e-22  -2.16234e-05  6.9594e-06  -1.4664e-05  12.7522  301.421
822  -9.12991e-22  -2.21624e-05  7.46598e-06  -1.46965e-05  12.7443  301.42
824  2.43815e-22  -2.27393e-05  8.01039e-06  -1.47289e-05  12.7469  301.419
826  -2.77128e-22  -2.33522e-05  8.59102e-06  -1.47612e-05  12.7493  301.42
828  -1.67496e-22  -2.39988e-05  9.20558e-06  -1.47933e-05  12.7517  301.418
830  6.00478e-23  -2.46749e-05  9.84981e-06  -1.48251e-05  12.7541  301.415
832  -6.03492e-24  -2.53733e-05  1.05166e-05  -1.48568e-05  12.7563  301.41
834  1.34274e-22  -2.60839e-05  1.11956e-05  -1.48882e-05  12.7579  301.404
836  1.38614e-22  -2.67941e-05  1.18747e-05  -1.49195e-05  12.7588  301.405
838  5.35615e-23  -2.74913e-05  1.25407e-05  -1.49506e-05  12.7588  301.403
840  -5.61308e-22  -2.8164e-05  1.31823e-05  -1.49816e-05  12.7579  301.401
842  -3.36232e-22  -2.88041e-05  1.37914e-05  -1.50127e-05  12.7561  301.399
844  6.79732e-23  -2.94084e-05  1.43646e-05  -1.50438e-05  12.7534  301.395
846  5.22029e-22  -2.99783e-05  1.49035e-05  -1.50748e-05  12.7499  301.393
848  -3.14161e-23  -3.05195e-05  1.54136e-05  -1.51059e-05  12.7456  301.39
850  -5.55073e-22  -3.10396e-05  1.59027e-05  -1.51369e-05  12.7406  301.391
852  -8.25455e-22  -3.15465e-05  1.63787e-05  -1.51678e-05  12.7347  301.389
854  1.25075e-22  -3.20463e-05  1.68478e-05  -1.51985e-05  12.7281  301.385
856  -3.51387e-22  -3.25425e-05  1.73133e-05  -1.52291e-05  12.7206  301.385
858  1.93043e-22  -3.30354e-05  1.77758e-05  -1.52596e-05  12.7122  301.383
860  5.60091e-22  -3.35232e-05  1.82333e-05  -1.52899e-05  12.703  301.379
862  -1.24697e-22  -3.40032e-05  1.8683e-05  -1.53201e-05  12.7  301.374
864  2.4696e-22  -3.44723e-05  1.91219e-05  -1.53503e-05  12.7043  301.369
866  3.2743e-22  -3.49279e-05  1.95474e-05  -1.53805e-05  12.7077  301.368
868  2.20837e-22  -3.53675e-05  1.99569e-05  -1.54106e-05  12.7097  301.368
870  -2.75095e-22  -3.57872e-05  2.03465e-05  -1.54407e-05  12.7098  301.368
872  3.67737e-22  -3.61807e-05  2.071e-05  -1.54706e-05  12.7073  301.368
874  2.97792e-22  -3.65376e-05  2.10372e-05  -1.55004e-05  12.7019  301.366
876  3.14921e-22  -3.68436e-05  2.13136e-05  -1.553e-05  12.6934  301.363
878  -4.68295e-22  -3.70804e-05  2.15208e-05  -1.55596e-05  12.6819  301.36
880  -7.61082e-24  -3.72275e-05  2.16384e-05  -1.55891e-05  12.6683  301.358
882  -4.21793e-22  -3.72642e-05  2.16456e-05  -1.56186e-05  12.6534  301.355
884  1.64283e-22  -3.71718e-05  2.15237e-05  -1.56481e-05  12.6383  301.351
886  -7.43963e-23  -3.69358e-05  2.12581e-05  -1.56777e-05  12.6236  301.35
888  -2.59447e-22  -3.65469e-05  2.08396e-05  -1.57073e-05  12.6098  301.349
890  -3.1516e-24  -3.60017e-05  2.0265e-05  -1.57368e-05  12.5969  301.346
892  -3.28545e-22  -3.53031e-05  1.95369e-05  -1.57662e-05  12.5843  301.341
894  -5.78867e-25  -3.44593e-05  1.86638e-05  -1.57955e-05  12.5712  301.34
896  -6.60641e-22  -3.34844e-05  1.76598e-05  -1.58246e-05  12.5569  301.338
898  4.38304e-22  -3.23977e-05  1.6544e-05  -1.58537e-05  12.5408  301.334
900  -6.20006e-22  -3.12232e-05  1.53407e-05  -1.58825e-05  12.5344  301.333
902  -4.13497e-22  -2.999e-05  1.40787e-05  -1.59113e-05  12.5295  301.331
904  2.40914e-23  -2.87301e-05  1.27902e-05  -1.594e-05  12.5229  301.333
906  -2.22554e-22  -2.7478e-05  1.15094e-05  -1.59685e-05  12.5152  301.334
908  -8.91443e-22  -2.62673e-05  1.02703e-05  -1.59971e-05  12.5069  301.333
910  -3.92116e-22  -2.51291e-05  9.10359e-06  -1.60255e-05  12.4985  301.331
912  7.64475e-22  -2.40889e-05  8.03502e-06  -1.60539e-05  12.4905  301.328
914  -1.30406e-22  -2.31652e-05  7.08306e-06  -1.60822e-05  12.4829  301.325
916  -2.34895e-22  -2.23687e-05  6.25825e-06  -1.61104e-05  12.4758  301.322
918  -2.68006e-22  -2.1702e-05  5.56333e-06  -1.61387e-05  12.469  301.319
920  -2.39323e-22  -2.11614e-05  4.99448e-06  -1.61669e-05  12.4621  301.317
922  -6.81448e-22  -2.07382e-05  4.54307e-06  -1.61952e-05  12.4546  301.315
924  -4.06747e-22  -2.04212e-05  4.19774e-06  -1.62234e-05  12.4458  301.311
926  -3.20009e-22  -2.01979e-05  3.94624e-06  -1.62517e-05  12.4352  301.307
928  3.14093e-22  -2.00568e-05  3.77687e-06  -1.62799e-05  12.4224  301.307
930  -5.11513e-22  -1.99875e-05  3.67944e-06  -1.6308e-05  12.4071  301.305
932  -1.13266e-22  -1.99817e-05  3.64558e-06  -1.63361e-05  12.3894  301.302
934  -8.12989e-22  -2.0033e-05  3.66882e-06  -1.63642e-05  12.3695  301.299
936  1.50759e-22  -2.01364e-05  3.74432e-06  -1.63921e-05  12.3584  301.297
938  2.06337e-22  -2.02884e-05  3.8686e-06  -1.64198e-05  12.3503  301.3
940  -2.33393e-22  -2.04868e-05  4.03928e-06  -1.64475e-05  12.3408  301.301
942  -3.79238e-22  -2.07298e-05  4.25481e-06  -1.6475e-05  12.3299  301.301
944  2.90047e-22  -2.10169e-05  4.51438e-06  -1.65025e-05  12.3174  301.3
946  6.39247e-22  -2.13477e-05  4.81782e-06  -1.65299e-05  12.3034  301.298
948  2.06664e-22  -2.17227e-05  5.16546e-06  -1.65572e-05  12.2877  301.295
950  -2.2937e-22  -2.21425e-05  5.55797e-06  -1.65846e-05  12.2707  301.292
952  -1.70721e-22  -2.26079e-05  5.99605e-06  -1.66119e-05  12.253  301.289
954  -6.0459e-22  -2.31191e-05  6.48e-06  -1.66391e-05  12.2351  301.285
956  5.80953e-24  -2.36755e-05  7.00921e-06  -1.66662e-05  12.2176  301.284
958  -4.01398e-22  -2.4275e-05  7.58164e-06  -1.66934e-05  12.2008  301.281
960  5.10588e-22  -2.49139e-05  8.19343e-06  -1.67204e-05  12.1847  301.278
962  -6.34654e-22  -2.55864e-05  8.83885e-06  -1.67475e-05  12.1687  301.275
964  -3.2981e-22  -2.62852e-05  9.51056e-06  -1.67746e-05  12.1522  301.274
966  7.70483e-22  -2.7002e-05  1.02002e-05  -1.68018e-05  12.1343  301.272
968  1.94766e-22  -2.77282e-05  1.08994e-05  -1.68289e-05  12.1144  301.268
970  4.65013e-22  -2.84561e-05  1.16002e-05  -1.6856e-05  12.0959  301.265
972  -7.9581e-22  -2.91791e-05  1.22961e-05  -1.6883e-05  12.0845  301.267
974  -4.17162e-24  -2.9892e-05  1.2982e-05  -1.69101e-05  12.0705  301.27
976  -3.09914e-22  -3.05907e-05  1.36537e-05  -1.6937e-05  12.0543  301.271
978  -2.09431e-23  -3.12714e-05  1.43075e-05  -1.69639e-05  12.0362  301.271
980  4.84371e-22  -3.19298e-05  1.49391e-05  -1.69907e-05  12.0167  301.269
982  -4.56882e-22  -3.25604e-05  1.5543e-05  -1.70174e-05  11.9961  301.266
984  5.41339e-22  -3.31566e-05  1.61125e-05  -1.7044e-05  11.9748  301.264
986  -4.54804e-22  -3.37109e-05  1.66402e-05  -1.70706e-05  11.953  301.261
988  5.30408e-23  -3.4216e-05  1.71189e-05  -1.70971e-05  11.9309  301.258
990  -1.03447e-21  -3.46665e-05  1.75429e-05  -1.71236e-05  11.9089  301.255
992  -3.41378e-22  -3.50597e-05  1.79096e-05  -1.71501e-05  11.8871  301.253
994  1.00088e-22  -3.53966e-05  1.822e-05  -1.71766e-05  11.866  301.25
996  -1.40052e-22  -3.5682e-05  1.84789e-05  -1.72031e-05  11.8453  301.246
998  1.81328e-22  -3.59237e-05  1.8694e-05  -1.72296e-05  11.8251  301.245
1000  1.32851e-23  -3.61308e-05  1.88747e-05  -1.72562e-05  11.805  301.243
