/*--------------------------------*- C++ -*----------------------------------*\
  =========                 |
  \\      /  F ield         | OpenFOAM: The Open Source CFD Toolbox
   \\    /   O peration     | Website:  https://openfoam.org
    \\  /    A nd           | Version:  7
     \\/     M anipulation  |
\*---------------------------------------------------------------------------*/
FoamFile
{
    version     2.0;
    format      ascii;
    class       volScalarField;
    location    "0";
    object      b;
}
// * * * * * * * * * * * * * * * * * * * * * * * * * * * * * * * * * * * * * //

dimensions      [0 1 -2 0 0 0 0];

internalField   nonuniform List<scalar> 
4000
(
-0.00163160969329
0.0095328730454
0.0146443324242
0.00485338802889
0.0141738331382
0.0280829422074
0.0164502711428
0.00936189497304
-0.000777691772699
0.00336886461713
0.0280771507193
0.0162485824983
0.0124084337082
0.0200976439354
0.00274121871371
0.00810899399609
0.02620142072
0.00999250119447
0.00516404592629
-0.00285459780804
-0.014223777199
-0.000129043023673
0.00442124935485
-0.00409004163787
0.0020228175344
0.0197071506449
0.00587252717006
0.00250059222796
-0.00525445220597
-0.00615485359008
0.0183997083648
0.00510068564527
0.000937607568338
0.0058486388079
-0.00525432503097
-0.000531586164586
0.0179208243798
-0.00110109369619
-0.00387934506618
-0.0123615898766
-0.0133329868086
-0.00203622991134
0.0019994774326
-0.003047994911
0.00104499870627
0.0143371582532
0.00191325279648
0.00217893609399
-0.00222029518694
-0.00542200594269
0.0129905257369
0.00236732623882
-0.00123549375302
-0.00178861493953
-0.00545111850328
-0.000858554657892
0.0130551866516
-0.00306534503539
-0.00505665037043
-0.0126304822391
-0.00777522959277
-0.00340735654126
-0.000691189644737
-0.000208360755374
0.00175983076197
0.0108337738621
0.00109113091111
0.00262024858913
-0.000730386572369
-0.0038244502001
0.0132286910407
0.00369075019254
-0.00134499490546
-0.0041484889286
-0.00484760594549
-0.00016516906087
0.00920025512738
-0.00332888310029
-0.00568367791529
-0.0119377981198
-0.00426137367615
-0.00396854402669
-0.0023204511563
0.000289384417242
0.0028195711564
0.0080621771241
0.0012756523353
0.00382083149573
-5.79308467104e-05
-0.00247975859631
0.0142499839615
0.00585706560938
-0.000876508487144
-0.00584886878812
-0.00470359692425
0.000214753288141
0.00550142925769
-0.0032759984861
-0.00635190237504
-0.013319704731
-0.00296674579869
-0.00549936424924
-0.00218800420488
-0.0028022162225
0.00422842197609
0.00567800680251
0.00197879166235
0.00519480442569
-0.000226010418485
-0.000569061990812
0.0150220967503
0.00729626688565
0.000117859217518
-0.00762147082018
-0.0048525942462
0.000578171003862
0.00310216960839
-0.00285643226788
-0.00659298158534
-0.0161553410769
-0.00247876647367
-0.00573920756553
-0.00149756166868
-0.00751627171478
0.00420463640688
0.00387995770096
0.00326981766206
0.00566647696117
-0.00143057662251
0.00169258805771
0.0148906785834
0.008978448736
0.001674279958
-0.00996090592328
-0.00555242426925
0.000782991243841
0.00340403546748
-0.00201532290598
-0.00621925973826
-0.0180962342363
-0.00226504396821
-0.0073364597253
-0.00102018643906
-0.0133609863975
0.0036401910659
0.00305945448595
0.00510011688753
0.00582657462553
-0.0033245185794
0.0027129532096
0.0142846291629
0.011392107805
0.00406823803263
-0.0132002573546
-0.00828228254846
0.000464899500514
0.00542876500047
0.000355092287027
-0.00616612224616
-0.0194720287485
-0.0014519821497
-0.0135780218886
-0.0047887297738
-0.0209442918785
0.00237998736497
-6.8083659505e-05
0.00455529104636
0.00390878192795
-0.00868991561357
0.00147787106169
0.0117231229194
0.0106541171508
0.00391224404774
-0.0181702313072
-0.0139512764278
-0.00372934667889
0.00604487482445
0.00301254918683
-0.0106150136661
-0.0204992544237
-0.00762527747905
-0.022768963436
-0.0191228472725
-0.0293388132757
-0.00712051753774
-0.012106937774
-0.00619655628243
-0.00986951149531
-0.0213303882274
-0.00929918937156
-0.00259045444004
-0.00363356891435
-0.00754398930321
-0.0267224908727
-0.0244998762178
-0.0181107509215
-0.0048994099433
-0.00469955393077
-0.022001534153
-0.0271470434117
0.016994870483
0.00815980012034
-0.00335855114481
0.0042596471488
0.0171463256718
0.0263008089225
0.0259263525211
0.0203287084878
0.0243404778116
0.0274633142778
0.0208362822683
0.0202149930834
0.020298354685
0.0117563404451
0.00480713022253
0.00855174695527
0.0283314848503
0.0170586743986
0.00740411166605
0.00430598186417
5.00664600725e-05
-0.00518471393368
-0.0140735973696
-0.00127631355706
0.00482962092118
0.0181379823202
0.0185761398391
0.0117694918095
0.0149034777165
0.0182361775829
0.00860016225146
0.00979402782686
0.00535133711927
0.00291151585571
-0.00163799528953
0.000182897338193
0.0211451087859
0.00437587084985
-0.00370672313965
-0.0102340606656
-0.00663672782958
-0.00787862815715
-0.0154223503936
0.00416695512604
0.00363800475205
0.0168557527819
0.0190455565423
0.00885051821413
0.0101842497108
0.0134524133267
0.00391162575912
0.0100186047977
0.00215090154459
-0.000414156709024
0.000411616679909
-0.000419871104202
0.0151248126116
-0.000945847861945
-0.00540202087972
-0.0109191444102
-0.00769041146093
-0.00746386159049
-0.016161573628
0.00626228157001
0.00491362486129
0.0158500846553
0.0196020391557
0.00597334445835
0.00704885826746
0.0105455842703
0.00171502642761
0.0111705622944
0.00245743386579
-0.00028184808516
0.00281153467047
-0.000480223549759
0.0104341155826
-0.00314162139463
-0.0064695479205
-0.00753001208818
-0.00712720700006
-0.0064828898884
-0.0169966002914
0.00655442471435
0.00601900701503
0.0143762928258
0.0193485051664
0.000749979891276
0.00454659507878
0.00847281742203
0.00188101364486
0.0121957103507
0.0010061840514
0.000886634714434
0.00455657946247
-0.00064718491702
0.0089499196816
-0.00518930405964
-0.00871298502992
-0.00508372815528
-0.00593711171658
-0.00540470864952
-0.018128571347
0.0047361946296
0.00700867462563
0.0127915996764
0.018420359727
-0.000539976862697
0.00276334770844
0.00745510633409
0.00318710376166
0.0125329085678
-0.00339349037816
0.0017367231077
0.00545151549084
-0.00200643861687
0.00941677800729
-0.00765554165008
-0.0117987322365
-0.00432970410431
-0.00414481403015
-0.00443782657587
-0.0201198362729
0.00190837675714
0.00807228791094
0.0123975770937
0.0164534993653
0.00205566821937
0.00190589314376
0.00689206406141
0.0056061870984
0.01235822308
-0.00736272532073
0.0022454250442
0.00567909662623
-0.00360022530321
0.00906752550675
-0.00990801476103
-0.0148808772888
-0.00495610189657
-0.00114171217541
-0.0022899802395
-0.0228135584669
-0.0013302592499
0.00862294317926
0.0129370886651
0.0147181269577
0.00332524658665
0.00139306706514
0.00607450660247
0.00745587629584
0.0115959404876
-0.00989003797104
0.00223978640079
0.00337177365272
-0.00531736201054
0.00708686487616
-0.0118093512018
-0.0181178564361
-0.00773071441797
0.00159662475915
0.000760389558594
-0.0260006614325
-0.00754168462597
0.00536180969621
0.0120839607321
0.0143378704767
0.00244692684743
-0.000763478346437
0.00400597127056
0.00595438447546
0.0104071012932
-0.0137987496674
0.00040016633518
-0.00338150068328
-0.00818291186811
-0.00129445931484
-0.0138943008763
-0.0221720225064
-0.0142315250896
-0.00724595910516
-0.00518670395984
-0.0301400037564
-0.0218211855007
-0.00942281223262
-0.00059053463169
0.00474177154202
-0.0107776537456
-0.0141770295709
-0.00753008312297
-0.00706573831792
0.00125173604667
-0.0236471464066
-0.0107623932645
-0.015508119304
-0.020210346138
-0.0160038892603
-0.0224333602137
-0.028291151737
-0.026241012866
0.013074728902
0.00547512089275
-0.00179546018744
0.0200735802586
0.0248727302396
0.0246912507431
0.0122094805551
0.00591170038309
0.0095991548067
-0.000393382241665
0.00528784050256
0.0196818811411
0.0187108592851
0.0231401698363
0.0148820992545
0.0191700241477
0.0217682456365
0.019956929655
-4.49270311e-05
0.0068539386836
-0.00081327771217
-0.00671875660222
-0.0105472338846
0.00475101261965
0.0133354597337
0.0165011925636
0.00603862327447
-0.00115701056984
-0.000683687668501
-0.00758236854397
-0.00413977679285
0.00407944544924
0.00760300767919
0.0148976947701
0.00536115044019
0.00964116535574
0.0153735645217
0.0101879483176
-0.00531023417615
-0.00562317314574
-0.00373788985879
-0.00790782573778
-0.00985062617272
-0.000193410716875
0.00765862376151
0.0137749024504
0.00587543411587
-0.00143852557162
-0.00291395660725
-0.00728981474963
-0.00382899213613
-0.000212099331704
0.00448322987001
0.0148251265312
0.00444587002009
0.0102895524197
0.0159072018711
0.00929044070062
-0.00441270995939
-0.00441682735342
-0.00339518034684
-0.00793939778916
-0.0058011461883
0.00187971076275
0.00599779466446
0.0133608904695
0.00668315861979
-0.000501492424797
-0.00395349119835
-0.00661447525075
-0.00164024251078
0.001537368403
0.002372555467
0.0152007101323
0.00552669758999
0.0139056114892
0.0174451551631
0.0116542548634
-0.00502571986434
-0.00188774726538
-0.00251758069293
-0.00815855355486
-0.00280878531109
0.00420142995875
0.00601031742527
0.0132511208674
0.0067827703141
-0.000261992424205
-0.00440017459708
-0.00606005555436
-0.000223633118272
0.00275511512489
0.0013882851941
0.0154959506571
0.00802318936912
0.0172883516928
0.0185696812919
0.0122081393537
-0.00756439758183
-0.000255502561
-0.00120683771186
-0.00798743284978
-0.00137965928775
0.00529968068161
0.00621631661155
0.0133941345795
0.00737671443319
0.00110657251501
-0.00461215628113
-0.00546342774203
0.000628496036518
0.000545976903054
0.00193806404164
0.0148190273728
0.00955324809565
0.0181331201174
0.0185584234391
0.0117363368616
-0.00995819931753
0.00164418478085
0.000441181271566
-0.00653095110429
-0.00128536316922
0.00591072085471
0.00700241072846
0.0137106049761
0.00835230168139
0.00216210845166
-0.00444497118298
-0.00504670167792
0.000999379622151
-0.00237615995013
0.00383539579225
0.0136642001472
0.0104153212623
0.0177395486969
0.0178919449557
0.0110726553932
-0.0125999921469
0.00385463558369
0.00196016021502
-0.00439824695683
-0.00518954843914
0.00638800017125
0.00868902928377
0.0136895164301
0.0103644256533
0.00188003197236
-0.00367346346861
-0.00548113876364
0.000961408444783
-0.00240923102702
0.00626447603101
0.0124572438318
0.0107385157225
0.0167007196962
0.0141350273491
0.0101181713818
-0.0160486714062
0.00584416002959
0.00159973520847
-0.00526766200876
-0.013618573863
0.00541444693344
0.0107193041181
0.0111499843636
0.00986718954206
-0.00285965811746
-0.00566540325775
-0.00958322791407
-0.00271431729103
-0.0039431789173
0.00470239472596
0.0109722077281
0.00405786970045
0.0130792411444
0.00285380295309
0.00743525041769
-0.0207390916718
0.00564214498497
-0.00813229580309
-0.0156491754673
-0.0265561351929
-0.00571214761249
0.000809203944131
-0.00308712140938
-0.00123592812522
-0.0187308180011
-0.0177240995566
-0.0217033610183
-0.0181712647418
-0.017213156329
-0.00848992142144
7.881646095e-06
-0.0123961817063
-0.00386083122647
-0.00932272201287
-0.00630289438551
-0.0279778885941
-0.0040707474424
0.0215479466202
0.0153883301494
0.0161600388962
0.0172202259888
0.0252628656079
0.0191253087553
0.0177923172704
0.000860262951807
0.018761981469
0.00477001672242
0.0107965437269
0.00327042501944
0.0212677711386
0.0106396826441
0.01367730371
0.0252766686079
0.0227748258283
0.0226050144828
0.0173304396758
0.021159333489
0.00976582321933
-0.00418647434643
0.000361972858835
0.00506252904383
0.0142113145009
0.00780737156988
0.00691991852169
-0.00858824392778
0.0107639913073
-0.00343864297947
0.000265884395353
-0.006508543608
0.0052715176618
0.000349223266972
0.0102227495706
0.0130098805231
0.0132908262676
0.0133142586063
0.00628546659117
0.0138112205568
0.00443397537081
-0.0134328319061
-0.000620840128851
0.000641586358058
0.00898113150761
0.00473026269061
-0.000234498724977
-0.00942102241428
0.00638893311717
-0.00279960674012
0.000503753858065
-0.00785505309672
-0.00683951065364
-0.000801938138123
0.0118292146611
0.00668905574379
0.0109171556815
0.00950339912269
0.00542317628952
0.0140269532849
0.00136281494584
-0.0146655388692
0.000768038739045
0.000471879509361
0.0075415205289
0.00475243072028
-0.000234015361723
-0.00770695584912
-0.00236055370971
-0.00177910357649
0.000827077028974
-0.00855461052335
-0.0103747163325
-0.000584025281045
0.0133933464378
0.00499940261866
0.0107884273643
0.0089013108607
0.00599562981688
0.0149927862932
-0.000789119021076
-0.0148689707339
0.00137374513579
0.00123668290011
0.00752782363597
0.00514185218825
0.00305280743971
-0.00536818512103
-0.0100546999947
-0.0010135025252
0.00067786935779
-0.00935712250469
-0.0111379287304
-0.000160308999558
0.0131613784467
0.00533601685499
0.0113447070046
0.00940214253937
0.00590551558821
0.0159706255568
-0.00145486238496
-0.0145023812054
-2.527999425e-07
0.00267276520059
0.00788848496057
0.00585837280517
0.0056789132728
-0.00425079453482
-0.0125904786054
-0.000589560746941
0.000590107610924
-0.0104064386673
-0.0135312573512
0.000561706927582
0.010702233173
0.00602665707754
0.0127777734189
0.010239165751
0.00526087079511
0.0159230102922
-0.00151530657348
-0.0127402433722
-0.00369595568291
0.00439515774197
0.00875311332789
0.00715071521912
0.00672745752569
-0.00457213777799
-0.0142749511306
-0.000437476563951
-5.37387344415e-05
-0.0119988555205
-0.0135104135139
0.0015271267588
0.0106617965164
0.00644120350552
0.0146605297946
0.00999048659135
0.00466926025062
0.0156590547522
-0.00174830853039
-0.0107063644304
-0.0086200199992
0.00635171912023
0.0104393970387
0.00982890367007
0.00473862438013
-0.00784713553716
-0.0157382336875
-0.000857322795205
-0.00204668232494
-0.0146339866348
-0.0103275133632
0.00179727178532
0.0124142371145
0.007208367274
0.0164202828847
0.00886982396207
0.0048703774318
0.0151763517646
-0.00329438622334
-0.00990435427461
-0.0137522398513
0.00613075584459
0.0107885056958
0.0114648883238
-0.00433198827218
-0.0126857063711
-0.017491395903
-0.00336892250923
-0.00662194820415
-0.0191929514019
-0.00732036311129
-0.0026671326027
0.0104462521656
0.00568235445507
0.0161203557602
0.00524737258256
0.00158312863385
0.0137419528029
-0.012502407594
-0.0183981442822
-0.0205771900687
-0.00429359386877
0.000356181899596
0.000983674911506
-0.0232950044901
-0.022036565907
-0.0250498001116
-0.0151900187745
-0.0198477018826
-0.0269380933161
-0.013206826926
-0.0177623170626
-0.00639780859472
-0.00662296635616
0.00707290915877
-0.0100419232576
-0.0136864770812
0.00282321744657
0.0132729928837
0.00815225640965
0.00447722930119
0.0166101891457
0.0099482938114
0.0101500435412
0.00202577520928
0.0061578706974
0.009916226598
0.0201205176997
0.0254781771076
0.00602957223932
0.00365346123285
0.00573997711909
0.00762177560158
0.0173837315761
0.00484815394256
0.0157467741052
0.00653395898763
0.00550903295288
0.00427402823721
-0.00788646191525
-0.00444471292668
0.0032446197444
-0.00166435216962
-0.00499555228375
-0.00640934702822
-0.0063752624809
-0.00298926188867
0.00645956394464
0.0150228177869
-0.00752811832138
-0.00980079876034
-0.00298205341007
-0.00116391961732
0.00156714785634
-0.00328625942486
0.00344730596222
-0.00191569850531
-0.002915286988
0.00501403365661
-0.00864570724166
-0.000802045603887
-0.0010767850658
-0.000168245983145
-0.00405650585493
-0.00437663988278
-0.00898537732687
-0.00668695462909
0.00352393949509
0.00876544894971
-0.00883564704163
-0.0120305927215
-0.00207324110481
-6.97485421214e-05
-0.0030514703172
-0.0036020884962
0.00315282061559
-0.000869403342676
-0.00107981429905
0.00545883882967
-0.00534766434317
0.00138103496197
-0.00213132498251
0.00323022197744
-0.000280251571505
-0.00266608188285
-0.0109911647269
-0.00776231928399
0.00399694475489
0.00480981803134
-0.00719800125969
-0.0118892592865
-0.00164946147909
0.00331408463446
0.000719920005839
-0.00167546406418
0.00389838582505
0.00100430224626
0.000761408572472
0.00375409787496
-0.00146302136958
0.00250207271212
-0.00191035202357
0.00489535769716
0.00264087744708
-0.00343672528607
-0.0132689219246
-0.00812139249715
0.00455660555803
0.00200701318305
-0.00586410815792
-0.0102138752611
-0.00340389149334
0.0070720529838
0.00602349324054
0.00016540934079
0.00425707512478
0.0026605896966
0.00152747257376
0.000726541306601
0.000809722145329
0.00338403736736
-0.00103324002572
0.00549428007356
0.00518429198838
-0.00582846258478
-0.0154714789038
-0.007572661154
0.00436806928092
0.000562473191088
-0.00492348471092
-0.0082242543007
-0.00659660817847
0.0112403171443
0.00910657930001
0.00184768819312
0.00445514101466
0.00427176867664
0.0017692254374
-0.00152812845112
0.00105855771151
0.00419404387416
0.000588406617491
0.0059704588441
0.00656543522537
-0.00666256953219
-0.0180296684385
-0.00516461649406
0.0037230774274
0.000419883118159
-0.00464183652353
-0.0068949664988
-0.00983602997989
0.0138132853964
0.00864381019823
0.00348380222358
0.00471198909425
0.0049938843856
0.00161584966117
-0.00407747142167
-0.00124862890589
0.00482889372426
0.00348080345087
0.00637627072981
0.00696443416475
-0.00735348616407
-0.0208508787963
-0.000597812943948
0.00336552132306
-0.000713892524169
-0.00408398825061
-0.00665421033489
-0.0131330812649
0.0123155934885
0.00379424546287
0.00590861332754
0.00543229972707
0.00339754322139
0.00137322965612
-0.00931280201376
-0.00593264375974
0.00464590071442
0.00473902178048
0.00415776450319
0.00650491156364
-0.0138999121967
-0.0241208306749
0.00203735876839
0.00221135964736
-0.00684342576593
-0.00364629724379
-0.0112385331654
-0.0177555452283
0.00346471530279
-0.00365981888835
0.00656468426362
0.00512867148793
-0.000865371551822
-0.00120221924627
-0.0212581773913
-0.0187243323835
-0.00704445863929
-0.0067993936055
-0.0109394871118
-0.00523773269724
-0.0267699787988
-0.0286491172676
-0.00455599702196
-0.00928333900271
-0.0147330758176
-0.0101762143605
-0.0228308920934
-0.0256535724874
-0.0161651171468
-0.0193656594535
-0.00253313700079
-0.0062340811401
-0.0140640606294
-0.013774141096
0.0219008177283
0.00477738303297
0.0210927108209
0.0193096030982
0.00585670213677
0.00180029296007
-0.000597381749893
0.00955275830839
0.0179411953401
0.0135836697437
0.0221815797369
0.0154356197597
-0.00101072928879
-0.00783945469332
0.000443227127595
0.0161734115616
0.0159447128968
0.0195333152806
0.00370713080158
0.00259538455726
0.0150937668894
-0.00332469584276
0.00578266609905
0.00319563631958
-0.00278038032731
-0.00959030167329
-0.0134333263147
3.2395317353e-05
0.00299925014758
-0.00118262750154
0.0103066756632
-0.000543267623237
-0.00682438197778
-0.0173178336456
-0.0071341708372
-0.00240276252782
0.00539979611786
0.00805420045505
-0.0037310002655
-0.00681954321805
0.0106750694432
-0.00234310586774
2.69125856765e-05
-0.00139534020273
-0.000585912790038
-0.0108848647142
-0.0119781265275
-0.00237765361129
-0.00175583155353
-0.00265624125447
0.0102394370416
-0.00451256992207
-0.00301679773574
-0.0176344221359
-0.00580120828134
-0.00680159950135
-0.0019250917294
0.00309981878591
-0.00408920357535
-0.0074546376194
-0.00127316380103
0.000839702503058
0.000133601984722
-0.00176885366216
0.000756963475994
-0.0104018591984
-0.00757320019055
-0.00344270430982
-0.00186796484534
-0.00178283943563
0.0102362893321
-0.00543029548619
-0.00124849049834
-0.0173658436783
-0.00269827321862
-0.00495308394611
-0.002902434975
0.000481907336043
-0.00407062761028
-0.00758663426837
-0.0057494355692
0.00381255667846
0.00105637576964
-0.00130539889175
0.000219504822112
-0.00858668155411
-0.00514196719531
-0.00354802460139
-0.00114715065928
0.000684398478741
0.00931141286248
-0.00571329814357
-0.000607707275877
-0.0170684115097
-0.0013765052331
-0.00279725537444
-0.00332054768398
-0.00272642205045
-0.00443370315307
-0.00908585307731
-0.00424698786429
0.00486361227828
0.00215493102514
-0.000514965994985
-0.000848855496711
-0.00603006653594
-0.00462514676757
-0.00264915425849
0.000251947646913
0.00505214585741
0.00779666549559
-0.00518729762883
-0.000375728414543
-0.0169682025024
-0.00132076129025
-0.00134389460231
-0.00469370160061
-0.00487072605724
-0.00802292510255
-0.0107578518293
-0.00218664923541
0.00428814041078
0.00297498206171
0.000369020199657
-0.00103631237327
-0.00493007822839
-0.00629188934019
-0.00109028792429
0.00203492706797
0.00913383565783
0.00692867779282
-0.00344318844036
-0.000304423702393
-0.0180542449628
-0.00307727179132
-0.000166604949194
-0.00499450564648
-0.00757703657927
-0.0132237605155
-0.0124638365706
-0.00107824449456
0.00316264254026
0.0037627646118
0.0015316475605
-0.000448245631842
-0.00520122470939
-0.0106441156367
0.000950821064428
0.0045525552851
0.0105562230619
0.00685699402428
-0.00108123148492
-0.000452438334694
-0.0207914870163
-0.00687908608661
0.000634876295049
-0.00140433413101
-0.00985190081382
-0.0184963820902
-0.0142260293443
0.000230915642012
0.00315870138248
0.00364002794659
0.00146737675656
-0.000570828495882
-0.0115601434602
-0.0169739028279
0.00101492246392
0.00471371476785
0.00918332265429
0.002979289083
0.00169383350856
-0.00443276228183
-0.0253199094276
-0.0149658404983
-0.000835659255334
0.00236848340862
-0.0140482492243
-0.0238998581843
-0.0152971588169
-0.00709027309566
-0.00338028686029
-0.00162500458773
-0.00752054548305
-0.00856014821259
-0.0243226696942
-0.0263595202479
-0.00963054204097
-0.00431962817349
-0.00449182047423
-0.0151597095505
-0.00564092210231
-0.0195368026978
-0.0307214146861
-0.0272880274101
-0.0131190602401
-0.00613098477725
-0.0244905432271
-0.029727719546
-0.0210960489102
0.0242800554974
0.0190540939999
0.00740414387544
0.0005832555331
0.0116005396885
0.00694344449069
0.00670365211052
0.0278438309191
0.00135006515757
-6.7548491617e-05
0.00633861209951
0.0252350168476
0.00781703613589
0.00385255657613
0.00577126418072
0.0155552510503
0.02840207606
0.00636364349952
-0.00208739135112
0.0241501920261
0.0132738154034
0.00371335922643
-0.00295656127824
-0.0106167527545
-0.000511048620619
0.00059935766581
-0.00616843233745
0.0193231831808
-0.00636100703681
-0.00854928012395
-0.00222311546902
0.016638949405
0.00041981739423
0.000335981941977
-0.00450056565943
0.00108729606289
0.0190126453029
-0.00471925133965
-0.00931688038843
0.0127470172465
0.00918100830899
-0.00149078270317
-0.00169225138047
-0.00619012677774
-0.00134110236114
-0.00894203266101
-0.0069164854488
0.0139113413223
-0.00335340114592
-0.00527703511069
-0.00112038572385
0.0140528383738
0.00150067722628
0.00344629105186
-0.00221790951338
-0.00463798658663
0.0118959873177
-0.00585002361179
-0.010418444513
0.00762812603043
0.00887198582372
-0.00308257261656
-0.00032808010004
-0.0021308308815
-0.00589860730657
-0.00877271892119
-0.00591166405887
0.0103389045729
-0.00151871519696
0.00181944496747
-0.000566072586958
0.0128396049553
0.00270438073081
0.00468075465459
-0.000758592741307
-0.00494049886439
0.00708869374106
-0.00587688636212
-0.0130355983792
0.00645980170743
0.00829941333262
-0.00393436210594
0.000172334998051
-0.000392559477457
-0.00806986212441
-0.00425430185434
-0.00453738211886
0.00807485094915
-0.000614805436868
0.00596022447923
-0.00204406993269
0.0116295912515
0.00435929992926
0.0059113617708
-0.000857549256291
-0.00445597333573
0.00379094601655
-0.00590615407029
-0.0129999599596
0.0053883274079
0.00725412849417
-0.00418452304664
-0.000460052980094
0.000400162843867
-0.00718387709432
-0.00190578929864
-0.00298776420485
0.0068652594785
-7.93826469293e-05
0.00788470674776
-0.00441190268335
0.00975445904247
0.00548820223727
0.00745328535958
-0.000972890039403
-0.00363935878703
0.00134529235051
-0.00504963153191
-0.0104830902558
0.00211851120305
0.00562151117351
-0.00371477409888
-0.00389367238489
0.000648964615505
-0.0065573550021
-0.000905865328434
-0.00127138905413
0.00620624407199
0.000118013083828
0.00885981960253
-0.0077779861097
0.00766092407448
0.00556407448377
0.00706124411132
-6.12089885417e-05
-0.00177566594771
-0.00038837609765
-0.00301624320694
-0.00912090273985
-0.00291082020686
0.00362841904026
-0.00190060562066
-0.00840217055208
0.000395251654131
-0.00721031082104
-0.000745047767023
-0.00118115181527
0.00573828006028
-0.00122962906271
0.00912873045386
-0.0126176974338
0.00645360097053
0.0037201076107
0.00347979083419
0.00116185806396
0.00224665520248
-0.000141451382678
-0.0013980885728
-0.010508571644
-0.00859256037091
-4.8178924135e-05
-0.000174362157626
-0.0126460890508
-0.00218204066725
-0.0111088607645
-0.0044282531888
-0.00588998107367
0.00449084195577
-0.00716144039841
0.00586465942521
-0.0187473180948
0.00522874322081
0.000115630091075
0.0031745809269
0.00146967033648
0.00333889374617
0.00208687919963
-0.00142297004821
-0.0155254403331
-0.0150256392047
-0.00779987787678
-0.00858164040927
-0.0201120662561
-0.0134581333066
-0.021299428458
-0.0173218305585
-0.0152575610275
-0.00552206270917
-0.021137189111
-0.00937574802886
-0.0270296180482
-0.00411948733131
-0.0142669792922
-0.00588386891865
-0.010167622725
-0.0106324319274
-0.00204647447896
-0.011088784289
-0.025084538924
-0.0243583121272
0.0300631599952
0.0153400916732
0.00664581649515
-0.00490835397049
0.00259925473973
0.00322570678284
0.0172588609194
0.0285135575493
0.00145358601348
-0.00123823662345
0.00173256264008
0.0200224811913
0.016573171304
0.0275847670018
0.028330829839
0.0242790787158
0.0220733010715
0.00965549779961
0.0134226351542
0.0114276541431
0.025464808872
0.000839908658504
-0.00486130397051
-0.0167552552088
-0.0111113887201
-0.00816773314159
0.00349449604277
0.0172546939443
-0.0102627050707
-0.00965319598049
-0.00434147778428
0.0101684295713
0.00172648372389
0.0168257984638
0.0203758126323
0.0103156193833
0.00655738158208
-0.00605967379473
-0.004410250507
-0.00476336095815
0.0221636005534
-0.00232598530584
-0.00350682737127
-0.0182372693472
-0.0112763229349
-0.00883103818064
0.000545429638189
0.00872998043388
-0.0111054377537
-0.00810668095619
-0.00421905622709
0.00733491811951
-0.00163925096919
0.0104817031907
0.0158048854621
0.00316524841651
-0.00137424165592
-0.00912233207519
-0.0104370908711
-0.00882187676104
0.019466816463
-0.00205652055374
-0.00209002204322
-0.0190698537032
-0.00932124272913
-0.00437906177225
0.00111112421566
0.00463605020787
-0.0095017748353
-0.00741642202726
-0.00403561226879
0.00691081243164
-0.00043892364486
0.0075909393898
0.0131356102457
0.00176403631382
-0.00437151617703
-0.00746102171477
-0.0104457821973
-0.00884079060413
0.0170757099061
-0.00170625945342
-0.00174905663078
-0.0199673274523
-0.00915016158707
-0.00111480314235
0.00201429793075
0.00333992583917
-0.00744747502066
-0.00744036221708
-0.00305874931754
0.00717031009077
0.00191953926004
0.00607651143693
0.0107073526349
0.00241470049862
-0.00491301085623
-0.00504982110783
-0.00992104074798
-0.00813015709115
0.0144499732925
-0.00177183442122
-0.00176311188153
-0.0208902768616
-0.0115262148885
0.000392281140936
0.00295201332107
0.00349446531312
-0.00579556548815
-0.00823763773998
-0.000893129065777
0.00781877766798
0.0049984408172
0.00470590317255
0.00832459485479
0.00407198957045
-0.00465501252388
-0.00373849369287
-0.00990282301176
-0.00712396723607
0.0109972419356
-0.00138595020842
-0.00259051795681
-0.0219245000518
-0.0145968849212
0.000574181121849
0.00419564710499
0.00406084312613
-0.00485197203573
-0.00936937484926
0.00171634060228
0.00869816824746
0.00825096410073
0.00458649391638
0.00731633054557
0.00660819001625
-0.0036628592561
-0.00338758978437
-0.0101766082796
-0.00624320916084
0.00643902850098
0.00146227667973
-0.00574448713271
-0.0232924660941
-0.0182395817161
0.00110197831242
0.0061338325231
0.0051188939934
-0.00480675338675
-0.0111595018386
0.00373694950268
0.0100178858617
0.0107334311174
0.00467144331239
0.00768082814515
0.00954092187194
-0.00108748961974
-0.00354153342062
-0.010489591186
-0.00610111669804
0.00180972405287
0.000597873843866
-0.0138850671055
-0.0255553976569
-0.0231563438139
0.00261948161858
0.00687443415393
0.00432331281932
-0.00891270961284
-0.0149964254627
0.00333752561789
0.011080131219
0.0107295887112
0.00468339252271
0.00810848970634
0.0115582036185
0.003069331053
-0.00887263490549
-0.012909168025
-0.00650329289019
-0.00708994876779
-0.0114940240364
-0.0259920297645
-0.0300153505829
-0.0293440077951
-0.00623759416099
-0.00196229020937
-0.00618154482983
-0.0207046325209
-0.0238852328724
-0.00898964843831
0.00299899340866
0.0028278256315
-0.00252150849817
0.000479176209475
0.00308742460123
-0.00360849714406
-0.0239316198743
-0.0201894429103
-0.0109038289346
0.00690676337738
0.0053822393935
-0.00030823779268
-0.000125624572947
0.0185646235044
0.00863112541062
0.0300236123881
0.0101800075157
0.0118585590762
0.0153508830215
0.0101648981105
0.0106971536786
0.000749681667956
0.00237895043834
0.0244142550582
0.0104807036924
0.0130483525472
-0.00251542530103
0.00806812520378
0.0237039958139
-0.00119506503275
-0.00168676473055
-0.00827954360939
-0.00901006880872
0.000735310029385
-0.00550977216794
0.024709040604
0.000210632751294
-0.00482439286208
0.0030995546574
0.00216991867635
0.00431342450838
-0.00920725273264
-0.0062210650929
0.0139280614211
-2.1311581515e-05
-0.000151114989919
-0.0126334072237
0.000839191743486
0.0140859502828
-0.00249322378939
-0.00230798422351
-0.00857354151054
-0.0069906892334
-0.00533420321359
-0.00653724400888
0.0218570780616
-0.00131872648588
-0.00650423540182
-0.0003744428906
0.001469800269
0.0068911318186
-0.00979719824535
-0.00412411079633
0.00528196388238
-0.00169104556585
-0.00122734852723
-0.0131875742543
0.00337373158233
0.00767954433623
-0.00247390094805
-0.00243247880651
-0.00843657061363
-0.00432956187236
-0.00143927414783
-0.00427329701289
0.0210266698134
-0.000680034396331
-0.00361849717641
-0.00187867767339
0.00138480222152
0.00840265965199
-0.009724448128
-0.00163157612272
-0.000883841280388
-0.00149121667005
-0.000744057833174
-0.0128844856157
0.00287089583137
0.00383903976488
-0.00195913515628
-0.00148922745524
-0.00937143779181
-0.00324363700018
0.00203385124761
-0.000908040468058
0.0205068279092
0.000548013946719
-0.00111265405958
-0.00242586090832
0.00151543245243
0.00787686253893
-0.00932450127909
9.8594947618e-05
-0.00303456970528
-0.0011667944933
-0.000237809642084
-0.0119304903603
0.0005240978766
0.00262171351314
-0.00121993504576
-0.000212279689784
-0.0111102619329
-0.00332940947018
0.0031304759846
0.00286975794136
0.0199166139415
0.00222178567232
-0.000311323243677
-0.00253325456472
0.00200471265726
0.00249048143238
-0.00788017203534
0.00140897762078
-0.00261415948783
-0.000974724665657
0.00048982939514
-0.0104210202355
-0.000790587455297
0.00165247792515
-0.000436900505267
0.000655436995355
-0.0137609133609
-0.00386015673376
0.00453497298338
0.00480574112173
0.01917018279
0.00460187364709
-0.000307097459827
-0.00245116712379
0.00274124084886
-0.00263903890688
-0.00524643702141
0.00262666294152
-0.00124236614309
-0.000701912309621
0.00138031783285
-0.00877618291081
-0.00150555872649
0.00130100748634
0.00122833309334
0.00143324210404
-0.0174207460473
-0.00385203542211
0.00595914640135
0.00518300140187
0.0181523149046
0.00645010886423
-0.00313096493623
-0.00431378333438
0.00382058068603
-0.00316168766768
-0.00242706613508
0.00338311979983
0.000317463138545
0.000479763596677
0.00270801433725
-0.00817107178073
-0.00257001350807
0.000281307097743
0.00502126960304
0.0015906520563
-0.0227248754292
-0.00476669344619
0.0034804258635
0.0057153158584
0.0162558570043
0.00424503899892
-0.0106946538756
-0.00972602140235
0.00319853750406
-0.00523981400127
-0.00106812416969
0.00157611897392
0.00102029040739
0.00422429293853
0.00438144133018
-0.012532287353
-0.00589064024056
-0.00140101242677
-0.00124554125973
-0.0111763754248
-0.0295881167813
-0.0153472041585
-0.0106113046592
-0.00550430433849
0.00562969360766
-0.00680422449739
-0.0237941121628
-0.0205720961099
-0.00661725913898
-0.0186567779227
-0.0114059025585
-0.0110084620597
-0.00886504198834
-0.00181100331628
-0.00364046763271
-0.0241583140105
-0.0166103658429
-0.00786242233275
0.0024720325379
0.0228204787919
0.0101555743974
0.0111453504384
0.0200413710682
0.0292313594836
0.0280035212304
0.0201830508124
0.0140657102017
0.0257229835673
0.0289378136655
0.0239130259095
0.0130326046236
0.00266970539305
0.00841583071325
0.009966984161
0.0204546428928
-0.000647545029622
0.0229561539327
0.00803516140898
-0.00368891616441
0.0147152515813
-0.000837887276285
-0.00109566212345
0.00521689709665
0.019839626896
0.0194226115557
0.00684249489971
0.00144472790581
0.0174108332147
0.0227594923613
0.0106968470654
0.00037521882739
-0.0062265029568
-0.00378506821289
0.00322282860904
0.0086542935342
-0.00680487182349
0.0167172768213
0.00182248107622
-0.00350341843574
0.00985798930509
-0.00239680239678
-0.00187418029626
-7.324348416e-06
0.0117745464559
0.0146280520178
0.00147493967328
-0.00587890187302
0.0119914676445
0.0182296025224
0.00328587856333
0.000388659458911
-0.00667982609957
-0.00523176361624
0.00380337092115
0.00659214564281
-0.00433772405388
0.0129258340598
0.00148060341477
-0.00290224646536
0.0060456389733
-0.00131517172969
2.80174110137e-05
0.000832900244183
0.00695092804051
0.0133145222842
0.000607947654451
-0.00796623412409
0.00815245045655
0.0144034340559
-0.000572573051655
0.00185925184879
-0.00673636349068
-0.00555925892974
0.00257658679783
0.00692835382594
-0.00214705040029
0.0062479370268
0.00156671627855
-0.00135973853964
0.00390396762406
-0.000407438307307
0.00195651288877
0.00277717541839
0.00609575775762
0.0124974608558
0.00122318231168
-0.00785058141169
0.00471804412527
0.0110663301744
-0.00126663760402
0.00302478607001
-0.00753878153
-0.0057052437069
-0.00166210839837
0.00680879790104
-0.000683471054372
0.00210668368784
0.0014270287935
0.000165053223501
0.00313067952293
-3.96995022726e-05
0.00271348700162
0.00461214001818
0.0069611087163
0.011281322546
0.00273891176057
-0.00887464925687
0.00268858072147
0.00861943609636
-0.000142956242286
0.00347865100166
-0.00869807401248
-0.00498892854154
-0.00569874379544
0.00636023688616
-3.42105337097e-05
0.00161684257185
0.000723536947422
0.00153825751243
0.00309810609183
6.92017978758e-05
0.00267425208317
0.00629148713284
0.00939996519594
0.0113166155036
0.00440177371719
-0.0111342238028
0.00224257354065
0.00771773929491
0.00160866408772
0.00365870133681
-0.0103296528724
-0.00430965677339
-0.0081574419271
0.00501530226193
-0.000256847050916
0.00235911580368
0.000690288819801
0.00210971883863
0.00321460335838
8.27674550662e-05
-0.000343188006528
0.00761878911521
0.0132894117574
0.011928593689
0.00654484951591
-0.0139725930214
0.00177034064665
0.00807439286945
0.00351139799355
0.00372698561726
-0.0134667875938
-0.00547832388739
-0.00945700910214
0.00204303372301
-0.00417352000823
0.00398209196153
0.00193614560133
-0.00120921300969
0.00200213426899
-0.00193801794798
-0.0055601339039
0.00816656737302
0.0138344728231
0.00834440232651
0.00675859489326
-0.017762933753
-0.000368238960753
0.00826573427245
0.00430925908982
0.00126372379271
-0.019358702203
-0.0125251160438
-0.0123272331939
-0.00378550047289
-0.012376960458
0.00492140256544
0.000901072092859
-0.0161946584994
-0.00851041834872
-0.013670870188
-0.0155000059843
-0.0018309910695
0.00169432781212
-0.0115472426779
-0.00579904474173
-0.0248739697148
-0.00897520998522
-0.000471319500354
-0.00597905810805
-0.013181923051
-0.0282513141593
-0.0253565865954
-0.0245506087337
-0.0165036067953
-0.0242436926283
-0.00622368941149
-0.011618956299
0.0246231330975
0.0291289227247
0.0287812397729
0.0148978413745
0.0108795035419
0.0288541412273
0.00902814187666
-0.00167540683799
0.00740131453002
0.0124547945325
0.0231367054103
0.0251113839539
0.00996181826031
0.00627072025767
0.0035297978981
0.0182785727439
0.0287282553349
0.0253985326705
0.0290655965489
0.0241312860852
0.0191722232301
0.0226482861087
0.021030135386
0.00462161667245
0.00293832970709
0.0210201553173
-0.000388612684889
-0.00556841586564
-0.000879052010711
0.000868658433018
0.0113280089375
0.015799300643
-0.0031120708482
-0.0063541924507
-0.0112154054768
0.00417850032042
0.0210875846965
0.0151907144496
0.0232527595709
0.0152701420082
0.0173400246848
0.0179167838209
0.0154485585936
0.00285253605947
0.00288707506449
0.0163420667424
0.00124391550754
0.00167884162391
-0.000989964326185
-0.00233442419363
0.0071574818473
0.0107332627955
-0.00362546613511
-0.00429331882538
-0.0140729016565
0.00182046318099
0.0157676153865
0.009508105723
0.0209583331781
0.010240194944
0.0151533428553
0.0143418622437
0.0114250653669
0.00301748664401
0.00455669362148
0.0145061090649
0.00221366781119
0.00460313311045
0.000403140825437
-0.00345161001658
0.00632508216402
0.00650813317345
-0.00271615679711
0.0018913206005
-0.0154507603984
0.00436228185558
0.0126291145353
0.00671788954169
0.0197228017936
0.00624419241009
0.0126610002163
0.0117282353116
0.00769101585839
0.00345015065789
0.00570110788349
0.01313830504
0.0026292910909
0.00631765507839
0.000886386869689
-0.00371203222418
0.0060075921846
0.00193270133033
-0.00168130169972
0.00553035379258
-0.0164771008958
0.00725741237535
0.0119586790738
0.00554439741912
0.018828284743
0.00342469987694
0.0102891370065
0.00999616818656
0.00517874815474
0.00417833954659
0.00619013439608
0.0116093880061
0.00483542729462
0.00766366163481
-0.00010541877989
-0.00370805683403
0.00576990476724
-0.00177117046387
1.6678844852e-05
0.00696162566197
-0.0170920508597
0.00958749789083
0.0123136427055
0.00551681093337
0.018012656551
0.000814552661175
0.00973881760399
0.00985165291884
0.00470358966617
0.00500321367649
0.00635647282835
0.0104926470545
0.00834465399875
0.00908220908229
-0.00284895423746
-0.00314616570834
0.00545065724239
-0.0021544750447
0.000705664139749
0.00673255039928
-0.017240040343
0.00971923975445
0.0133744527022
0.00609642557881
0.0170086448362
-0.00052603169006
0.0108536021077
0.0106040360134
0.00471412448196
0.00575394993176
0.00688140039875
0.00984715671198
0.0101166489561
0.010289053654
-0.00821207150995
-0.00188662965488
0.00491911824353
0.0005926837916
0.00126514196445
0.00285494092405
-0.0169655664467
0.00760367088518
0.00988974045767
0.00682169785462
0.0155601307234
-0.000940685472474
0.0125108310185
0.0111148363014
0.00397447028922
0.00535152350255
0.00563465237754
0.00721077268013
0.00951790485185
0.00770153163971
-0.0164815554855
-0.0031997730272
0.00179159956376
0.0047403536889
0.00164156025385
-0.0064535350503
-0.0166064475308
0.00183916999396
0.00198749270258
0.00423800189243
0.0118731517164
-0.00664253901438
0.00538424569597
0.0012096138079
-0.00608280107938
-0.00263660363496
-0.00427254677739
-0.00809491210308
0.000205478832366
-0.00980586746248
-0.0273619759919
-0.0150624323255
-0.0148669543732
-0.00390383892979
-0.0101402792888
-0.0236886110386
-0.0240726739446
-0.0142313214303
-0.00501610690814
-0.00831809018694
-0.00263883976068
-0.0210135044502
0.0106976995214
0.00831968456296
0.00557679901211
0.00186567776024
0.005609150202
0.0176809931209
0.00617167018392
-0.00876143357876
-0.00174493814867
0.00614885919312
0.0292399188728
0.0234025682847
0.00599972607082
0.0157842919735
-0.000982361535916
0.011624431673
0.029038046337
0.0198341577861
0.00404919252338
0.0255574009499
0.00414754210639
-0.00418447889844
-0.00676299495252
-0.00662078288311
-0.00103078856037
0.00216592982764
-0.00432498977667
-0.0191771379982
-0.0105106390828
-0.00463253271469
0.0221902742008
0.0139904924888
-0.00511821176765
0.00839198321181
-0.0123349479526
-0.00438437086478
0.0239493394372
0.00696608255736
-0.0061286517947
0.017024715516
0.00401853131847
-0.00713564320968
-0.00736460491803
-0.00570533436226
0.00083509871645
-0.00288037810388
-0.000972352789092
-0.0198382375173
-0.00956307064886
-0.00501434551368
0.0168001070471
0.00700914793406
-0.00946783449784
0.00516575792887
-0.0105607358429
-0.00628936269842
0.020921784045
0.00694991249507
-0.00722995168957
0.0120439193417
0.0038108152722
-0.0097879409895
-0.00631353792992
-0.00296934778468
0.00305114922219
-0.00219399906853
0.00355847206888
-0.0198840439389
-0.00847705332293
-0.00313381500298
0.0137203312329
0.00094085082015
-0.0061041373053
-0.001441323215
-0.00815752638522
-0.00435222309363
0.0188219333297
0.00946555045461
-0.00816908535236
0.00994265977542
0.00256099555384
-0.0108696524938
-0.00573857575195
-0.000574399393981
0.00437719306616
0.0010478821963
0.00384126808613
-0.0199935089315
-0.00757002827988
-0.000416384066027
0.0123783637032
-0.00149379381341
-0.0018752398774
-0.0066110491985
-0.00772758739416
-0.00224271976632
0.0181526640103
0.0103800206152
-0.00996771881467
0.00932529083006
0.00209798928297
-0.00965970824446
-0.00411488812082
0.00157524194781
0.0047197905441
0.00285202325708
-0.000345133484995
-0.0209306640491
-0.00694893179704
0.00348260580308
0.0114196397884
-0.00152003836448
0.000262937265923
-0.00652500001619
-0.00724946676354
-0.000361688176496
0.0183682378222
0.0101448693509
-0.0114798201648
0.0073181203636
0.00243558821094
-0.00748194538203
-0.000811418324494
0.00301039911421
0.00442163885609
0.00341355980902
-0.00466114810503
-0.0229751673605
-0.00681619765985
0.00476364388106
0.010905649597
-0.000798459598132
0.000849635481999
-0.00680895701578
-0.00533557290917
0.00144452426774
0.0185252438535
0.00908532984137
-0.0126821102378
0.00307493606236
0.00342891716297
-0.00356337062543
0.00171489257143
0.00326291041196
0.00363672044015
0.00434182408527
-0.00909111255847
-0.0252378835641
-0.00711758017566
0.00353668630664
0.0114302968056
0.00113695740377
0.00112678023541
-0.0126199690366
-0.00247438373886
0.0036204152209
0.0181138420537
0.00693153193264
-0.014745949279
0.00175017860761
0.00302701040672
-9.72419002392e-05
0.00205008257231
-0.00250241121038
0.00025060636756
0.00406813613158
-0.0151086051408
-0.0278834529753
-0.00757421699325
-0.0047823614812
0.0113000856054
0.00599444614178
0.00184116258928
-0.0189031137986
-0.000350509446334
0.00533828339265
0.0154375083518
0.001156818793
-0.0204192330976
0.00110829988441
-0.00714266288701
-0.00916392134591
-0.00874036489353
-0.0188791751243
-0.0125827571526
-0.00480866484952
-0.0247875258604
-0.0311283339715
-0.0186135154531
-0.0226291747836
0.000777102948651
7.0829560656e-05
-0.00973314014017
-0.0230417529713
-0.00612661379442
-0.00342835344125
-0.0021211988234
-0.0142875173872
-0.0283580087904
-0.00828280180503
0.0282640156257
0.00115136906181
0.00694898583019
0.0105185776648
0.0231098494915
0.00947526937613
5.20655858395e-05
0.00200128961723
0.00596006170031
0.0238641514754
0.0134361850095
-0.00114141071007
0.000857780332473
0.0143044241215
0.0287595312356
0.0309974062349
0.0203674417877
0.010669749859
-0.00647828972907
-0.00323551832939
0.0203441922585
-0.00898916721414
-0.00239382315706
0.0016789069247
0.0137766008254
-0.00566279774512
-0.0136691047564
-0.00828603003312
-0.00226027033977
0.0127032004998
-0.00407644563293
-0.0114972031443
-0.0148254175652
0.000900123515258
0.0220145072729
0.0278453409958
0.00797067142209
0.000726368403212
-0.0125487629755
-0.00780739976649
0.015362050283
-0.0110143909231
-0.00523604472172
0.0014925534155
0.0115022585866
-0.00818578071856
-0.0148331456322
-0.00773044791241
-0.000979481837403
0.00707809786871
-0.00829368494273
-0.00802229207402
-0.0179060777747
-0.00575296702892
0.0175535589074
0.0252148909902
0.00485688965226
0.00222338933212
-0.00811321108798
-0.00378465344839
0.0121606486966
-0.0112759369676
-0.0084106730588
0.0024970085098
0.00965039603656
-0.00743578280394
-0.0139866681912
-0.00735964125021
0.000479127848114
0.00645751389735
-0.0073219251366
-0.00448115147407
-0.0185851586842
-0.00750017793588
0.0143818182933
0.0230961638625
0.00679448903227
0.00660215798635
-0.00296752319927
-0.0015410029411
0.0106515376476
-0.00772964711181
-0.0126756814072
0.00278651118962
0.00745542646581
-0.00542952662564
-0.0117828802962
-0.0090157516534
0.000961458715559
0.00672949884718
-0.00495607412615
-0.0031569841126
-0.0183846485068
-0.00674287121108
0.0118593651143
0.0210377914394
0.0111597917818
0.00849361169819
0.000279415389565
-0.000865996645457
0.00932170274856
-0.00375497716476
-0.0156384367081
0.00215967897757
0.00488390084254
-0.00317672055196
-0.00947350642461
-0.011925465785
6.32150772417e-05
0.00682131983904
-0.0026004666557
-0.00271220505803
-0.0175654563178
-0.0031015611887
0.00962830376442
0.0188437977289
0.0146016891764
0.0087168991312
0.00169428634471
-0.00168138023146
0.00878677330456
-0.0010426362088
-0.0177256004176
0.000715420691778
0.00256151542358
-0.00200043401323
-0.00854102534501
-0.0149354776958
-0.0019684242251
0.0066491696532
-0.00163896211009
-0.00247233474848
-0.0172479421338
0.000802646058073
0.00774335283559
0.01658373915
0.0164003174831
0.0097493763095
0.00173006110405
-0.00329662761008
0.007728296292
-0.00126440418384
-0.0202628821721
-0.000636551372897
-0.000527461503702
-0.00212003021897
-0.00861779476592
-0.0181645402017
-0.00351409133825
0.00639147864262
-0.0036764022369
-0.00230770929363
-0.0191102103119
-3.4545311406e-05
0.00683562287586
0.0138957345448
0.0159570474399
0.0124750328662
-0.00181563661657
-0.00689341315582
-0.000915344785277
-0.00163758427226
-0.0245321086763
-0.00300847707349
-0.00407751629368
-0.00587165777076
-0.0122653316486
-0.0227430714232
-0.00483440506324
0.00551054027602
-0.00979518168511
-0.0024581717903
-0.0241003884936
-0.00609012845823
0.00545247761963
0.00954578133836
0.0070704234729
0.0113457215748
-0.0105543551838
-0.0141510811049
-0.0143869820911
-0.00892414828709
-0.030064436354
-0.0151082847214
-0.0148361065431
-0.016880867518
-0.021166392232
-0.0295684616785
-0.0151512199849
-0.00317474458541
-0.0214402500158
-0.0114648313561
-0.0301360673782
-0.0179665426757
-0.00474469885911
-0.00230509292284
-0.0172957540723
-0.00552873686974
-0.0253545239792
-0.025479262686
0.0197813567028
0.00235327978012
-0.00126658294437
0.0179613214178
0.0284053044097
0.0138461581306
0.00579654942008
0.00802796471309
0.0173559495478
0.0273606834128
0.00858170592007
0.00115669359824
0.00227280263533
0.0142089908087
0.018835518304
0.0304377571498
0.0244338091809
0.0181824203817
0.00513752732985
0.000237145151579
0.00839810907905
-0.00836042769229
-0.00750147513406
0.00688325373438
0.0221333299798
0.000111635836299
-0.00436090691222
-0.00298021617385
0.0035437128715
0.01783949795
-0.00784022419489
-0.0137642189306
-0.00686092367536
0.00227527524496
0.00646253804482
0.0259603430606
0.0127459520139
0.00586783446633
-0.00530738423057
-0.0118446556305
0.00250627541075
-0.00998555684426
-0.0061550139831
0.003875710078
0.0169950757652
-0.000748259350661
-0.00833779705228
-0.0036759353532
8.1532174969e-06
0.0118938771411
-0.0116537146151
-0.014127127452
-0.00552370151493
-0.000733247005472
0.00354214528972
0.0219203734332
0.00360276428969
0.00382124836377
-0.00345120782175
-0.0125987952081
4.6544439038e-05
-0.010586844902
-0.00778277860969
0.00713419169817
0.0117080039619
0.000119696787462
-0.0122595471252
-0.00304607694789
0.000753744755687
0.00903841497263
-0.0105235845442
-0.0101418356979
-0.00331934674253
0.000112629434392
0.0052717239423
0.0183680580238
0.00199414704755
0.00264789824663
-0.000325025764195
-0.0123954345951
-0.000967185792812
-0.0103626059294
-0.010426839281
0.00852815171617
0.00644343267152
-0.000643348518957
-0.012257418192
-0.00244597338189
0.00184518302802
0.00708129641195
-0.007679788938
-0.00658876779412
-0.00181154027952
0.0032658135869
0.00730741056785
0.016062125201
0.00264434073173
0.000510601325887
0.00166324269335
-0.0123050500738
-0.00137917804725
-0.00915298315986
-0.0115533870275
0.00772463171572
0.00339998449983
-0.00172927758155
-0.0104129149375
-0.00132920820449
0.00283302093268
0.00551589508982
-0.00460488430965
-0.00491039852205
-0.00146693681033
0.00541019652823
0.00810423885378
0.0147801300672
0.00316517220262
0.000449547582062
0.00267503285746
-0.0120039632173
-0.00171023190508
-0.00797819390805
-0.0122130930429
0.00708206623822
0.00395628172748
-0.000904858469877
-0.00937290877245
-1.6650423631e-05
0.00399137845887
0.0044132532181
-0.00247013129658
-0.00445096657684
-0.00221625130592
0.00721334252256
0.00962782692024
0.0139059913849
0.00369919114993
0.00315562295019
0.0030236598769
-0.0106567672365
-0.00188746827546
-0.00744802776718
-0.013316313894
0.00570705169757
0.00685403208965
0.00157914953621
-0.0104498528461
0.000451781863204
0.00588426903853
0.0030944843796
-0.0011494539576
-0.00447633412773
-0.00375246434521
0.00734747717688
0.00922285862289
0.0129556337293
0.00308320801112
0.00684285570183
0.00133274766071
-0.00818931163521
-0.00270039172135
-0.00804958506641
-0.0167196914071
0.000595939433243
0.0110527624156
0.00646658442841
-0.0159318347413
-0.00502930012886
0.0046577552548
0.000586173394417
-0.00181179633599
-0.00858593232352
-0.00892859535391
0.00165011552863
0.00555440091087
0.0122650711042
-0.000643617498695
0.00601061444991
-0.00731613409656
-0.00687034812186
-0.0107811799602
-0.016255731072
-0.0259445189662
-0.010301563373
0.00390528064937
0.00329431346156
-0.0255526369048
-0.0205417280505
-0.0111037572946
-0.0113439416115
-0.0119252833452
-0.0216953013016
-0.0216043586642
-0.0152780678095
-0.00404812875833
0.0039286801721
-0.0141058955886
-0.00878320264096
-0.0250096493696
-0.0148929542495
0.023107233216
0.00969516916372
0.0168354827473
0.0117104350864
0.0256791347619
0.0196482751065
-0.0024897461311
0.00450157768121
0.0249822405894
0.0291472915773
0.0125471611597
0.00020564940197
0.00341684232156
0.0118108593104
0.0194744009841
0.0290577456164
0.018482462658
0.0257248156045
-0.00198042977584
0.00594002746426
0.00801317563896
-0.00185236891665
0.00522320385961
0.00120304463907
0.0189667543068
0.0089510290545
-0.0095234267568
-0.00158655604592
0.0152240652845
0.023379666699
0.00239796263317
-0.00939432123019
-0.00684793807822
0.000758675508951
0.0099695614327
0.0206633491184
0.00486324483487
0.0163032126001
-0.013118018865
-0.00985459177066
-0.00206664965529
-0.00318344188134
0.00203523638074
-0.00034626907917
0.0153759356665
0.00951679651205
-0.00833274981157
0.000478727550996
0.00969289881372
0.020060862951
0.000824553445033
-0.0101864420123
-0.00387588176546
0.00115669569705
0.00695932647515
0.0123306780167
0.0013637266297
0.00955324535264
-0.0136095203637
-0.0117598341885
-0.00571944396346
-0.00293033881478
0.00114648251915
-0.000412533930429
0.0124437420284
0.0112027738155
-0.00573103105434
0.00152616772039
0.00709573234515
0.0189144702485
0.000210153316596
-0.00923569332004
-0.00124788493241
0.00251882022545
0.00687897012771
0.00583394190558
0.00181978072366
0.00474965641885
-0.0124076519709
-0.0115466381539
-0.00513357059556
-0.0021798791961
0.000343741089046
-0.000270629699086
0.0096662989712
0.0131549541975
-0.00302123689519
0.00252874694013
0.00619972231295
0.0181377335849
0.000368126228462
-0.00835758372397
-0.00118442551675
0.0021693678537
0.00657015075472
0.00164682768615
0.000588182163207
0.000951991304025
-0.0111883308143
-0.0105495002783
-0.00383491604122
-0.00200393958016
-0.000370784937692
0.000181192925413
0.0069822479802
0.0144860159519
-0.000579398577795
0.00317895591526
0.00634688462206
0.0171661062616
0.00162411561987
-0.0083352565469
-0.00463665461977
0.00235168124074
0.00549835262368
-0.000609276170052
-0.00195505069025
-0.00368420316116
-0.00983934247117
-0.00883074341799
-0.00342579760161
-0.00378098894637
-0.000744431976266
0.00101468930156
0.00479789366081
0.0148352887459
0.00170215460241
0.00327054642391
0.00721200380868
0.015785899151
0.00406357900372
-0.0101527935742
-0.00877313344129
0.00218091782562
0.00444928457931
-0.000877109505544
-0.00330766896496
-0.00825922233245
-0.00839029021647
-0.00695890923206
-0.003854327106
-0.00752131092828
-0.000945963538533
0.00138236797045
0.0036782186093
0.0144759872985
0.00411463518195
0.00312153436903
0.00954047300728
0.0153859660991
0.00705820461232
-0.0123732379873
-0.011845485645
0.00013272794554
0.00410128148237
0.000551917386771
-0.00424522402776
-0.0140809842822
-0.0075845451097
-0.00657118990518
-0.00678555564019
-0.0127068804464
-0.00284787900487
-0.00211747061587
0.00205955604267
0.0133905405767
0.00515439542284
0.0014403528181
0.00995975059965
0.0137877229727
0.00537149744126
-0.0157021969821
-0.0161048657931
-0.00615740874073
0.0033111397965
0.00465541834969
-0.00652838019265
-0.0194635827713
-0.00995546217742
-0.0109043355529
-0.019018652745
-0.0216536490477
-0.0119286228085
-0.0125702776036
-0.0062378399133
0.00328695916151
-0.00683464359476
-0.0100202904979
-0.00200112702801
-0.00245363352976
-0.0116306780284
-0.0230719342227
-0.0249957639624
-0.0188596061438
-0.00556837832329
-0.000155933540896
-0.0133209696654
-0.0267539841434
-0.0205238709931
-0.0222033331732
0.0243433910922
0.0218019567109
0.0201121743056
0.0147042545292
0.0265464655513
0.027282480149
0.00742487869782
0.00851317523864
0.0226971502891
0.0303862300144
0.0174813996159
0.0100343587294
0.00639336381008
0.0112137742966
0.0274732439564
0.0231533733165
0.0016632141438
0.00764691351139
-0.00071555167601
0.00733381043633
0.00911905418668
0.00893324233658
0.0109572720277
0.00862548550277
0.0146605025376
0.0176345673304
-0.00182087018231
0.00059647662467
0.00981573643296
0.0258654093913
0.00558661497114
-0.00173293178796
-0.00707946153738
0.00143016125478
0.0193603531432
0.0142286232147
-0.00891061892652
-0.00834200176614
-0.00849201756401
-0.00323605303853
-0.000313524277515
0.00369603960182
0.00353368719757
0.0105858894539
0.00633491492562
0.0159040849799
-0.000434229337691
0.000598877010588
0.00566722970148
0.0218753879815
0.00300190752918
-0.00326538874638
-0.00858916467408
0.00181191764278
0.0123563889438
0.00977639826348
-0.0102767929374
-0.010451579707
-0.00594418470671
-0.00386044606131
-0.00329718065255
0.00363629206771
0.0013778462471
0.0124262511489
0.00178352873292
0.0149711104772
0.00111309380855
0.00197787627684
0.00602987514676
0.01863002017
0.00377774636244
-0.00310986474234
-0.00826003801182
0.00346984073825
0.00670411967582
0.00716686925834
-0.0101637239128
-0.00856415958105
-0.00330152118943
-0.0023382418984
-0.003387284037
0.00441047790088
0.00300498742576
0.011187304805
-0.00089805661639
0.013071994513
0.00176380158633
0.0031207015056
0.00716270454032
0.0160318815168
0.00513593400675
-0.00272449352799
-0.0072218581604
0.00659515517012
0.00211472525092
0.00479473954103
-0.00832089077339
-0.00735489974736
-0.00122970093023
-0.00068339287463
-0.0030003492623
0.00508064540379
0.00342222117382
0.00907041977642
-0.00238240071887
0.0105479660869
0.00212233418312
0.00380992154083
0.00843022457358
0.0147597587106
0.00593590060783
-0.00244465088142
-0.0061463962806
0.0067739684674
-0.000813276423748
0.00223005997098
-0.00553140204719
-0.0110780955103
-0.000106488895844
0.00067034697192
-0.00259226791046
0.00504105421023
0.0016701674185
0.00974871383058
-0.00199129164352
0.00852308067177
0.00249816462388
0.00399588628194
0.00924649892233
0.0137014617232
0.00663583733318
-0.00257638112757
-0.0045309501157
-0.00433946802136
-0.00164432206158
-2.51811891575e-05
-0.00494917490982
-0.0157974318921
0.000161430443924
0.00158057918123
-0.0019325372019
0.00446733628792
-0.00355618708439
0.0110701247561
0.000167360537203
0.00643298413445
0.00275961041735
0.00334840063443
0.00965164536806
0.0137629055822
0.00724507501241
-0.00411076965737
-0.0025549821995
-0.012759600411
-0.00135670194188
-0.00131851579255
-0.00609265806387
-0.0184679182575
-0.00151516855157
0.00175730230814
-0.00125112954666
0.00281313323361
-0.0123154374809
0.0104952563272
0.00111867766162
0.00390959701821
-0.000262623404863
-5.9182743332e-05
0.00880100264133
0.013430042097
0.0069152510358
-0.0106646977893
-0.00335888621967
-0.0154652144573
-0.00226633065156
-0.00302583128614
-0.0100423433139
-0.0211373644119
-0.00807544480578
-0.00374584148712
-0.011677273766
-0.00837415157373
-0.0238731527463
-0.000653172625495
-0.00924516877959
-0.00682743333163
-0.0149444848101
-0.0104897223244
-0.00176216364852
0.00318793843768
-0.00405077647869
-0.0252711378859
-0.0150034640766
-0.0172414638447
-0.0121382816178
-0.0121757576714
-0.0188040423831
-0.0258993778994
-0.0222274612418
-0.0193972866915
0.0280965684969
0.0185120893886
0.0110541821279
0.00583069980807
0.0214203746418
0.0214072566125
0.00377582421439
0.0163361474483
0.0287839646814
0.0206540976046
0.00830987932831
0.0086453403084
0.0196307919014
0.0257736041109
0.0119970636095
0.00472853098021
0.00906839806848
-0.00554058986038
0.0125400456464
0.0153258207513
0.0187671886333
0.0115064162803
0.00542496499335
-0.00186747035985
0.00635035933454
0.0110308819411
-0.00554266897808
0.00337139976394
0.0210685219138
0.00844889359185
0.000287804863867
-0.00178845221623
0.0039725809474
0.0173802253898
-0.00121402791604
-0.00365795694857
-0.00147420455152
-0.0140783082997
-0.00366871272935
0.000344068011886
0.0135652232295
0.0117934395309
0.00723628633294
-0.00165064844333
-0.00171916964867
0.00583948260121
-0.00688119797143
-0.00103182947121
0.0158969853986
0.00241273023015
-0.000809206955286
-0.00314244565924
-0.00388910455137
0.0122475874099
-0.00256429188258
-0.00572857027287
-0.00295525835681
-0.0143217506475
-0.00562724754724
-0.00381515243087
0.0124264179033
0.0133163096449
0.00926562012311
-0.00245941159404
-0.00430480916869
0.00256375966244
-0.00773937726259
-0.00220009353671
0.0125399517603
-0.000117651602603
-0.00148792154755
-0.00339887231757
-0.00576781930188
0.008568434747
-0.00131617741984
-0.00813391554242
-0.0041694127254
-0.0143696866418
-0.00359451390702
-0.00430905868449
0.0127819495044
0.0148431709966
0.0102167610634
-0.00358451795942
-0.00421940961847
-0.000104730718069
-0.0087098280765
-0.00221289476393
0.00998145481288
-0.00045456795853
-0.002308319794
-0.0034856835021
-0.00431477131781
0.00580256710711
-0.000512779116277
-0.00899721499159
-0.00522003572547
-0.0150501669419
-0.00215668095482
-0.00360447498636
0.013703853223
0.0156116085714
0.0101273567671
-0.00380271254883
-0.00363296123771
-0.00200065887594
-0.0101343630196
-0.0021670213592
0.00777087589257
0.00023729433291
-0.00326671352471
-0.003604137953
-0.00273354167658
0.00402818703443
-0.00319943498923
-0.00901443980607
-0.00602234289627
-0.0156082512248
-0.000856514367046
-0.000659476148075
0.015014738276
0.0152114173413
0.00946111060534
-0.00299219190461
-0.00328475971249
-0.00250505216527
-0.0124379446282
-0.00236570921007
0.00577759026136
0.00132977784111
-0.00474065142973
-0.00378302864463
-0.00299425885301
0.00306940937327
-0.00680255412244
-0.00872244019736
-0.00670376621199
-0.0164111615088
0.000335971923041
0.00456679147813
0.0164341749801
0.0143436788601
0.00856751064967
-0.00262389075921
-0.0031304012675
-0.00210924876512
-0.0162856174293
-0.00267171828253
0.00452016556472
0.00253542262743
-0.00742282515968
-0.00373546590069
-0.00300487291191
0.00293944890265
-0.00991079561891
-0.00890196833944
-0.00758670231673
-0.0181209633441
0.00106095132822
0.00837299394976
0.0160563528853
0.0132068354744
0.00627287983986
-0.00682615251241
-0.00487754012771
-0.0044913034205
-0.0216875475356
-0.00399159715034
0.00327151940774
0.00206635850718
-0.0127799841991
-0.0039134561639
-0.0021210925156
0.00253965776715
-0.0122925896112
-0.0115860328268
-0.0120852071029
-0.0219832528056
-0.00108023396928
0.00619845671803
0.0046178702573
0.0031870782238
-0.00620142098224
-0.0202680538348
-0.0157290866056
-0.0186266117231
-0.0286984488508
-0.0136583677582
-0.00664611518555
-0.00865527816337
-0.0240960952976
-0.0159243829012
-0.0103138968963
-0.00583931753577
-0.0184405251369
-0.0209767154021
-0.0247155061024
-0.0288238490463
-0.0151872524997
-0.0103009386004
0.0281275313493
0.0262443387251
0.0121717425097
0.0001603976498
0.0130248907094
0.00189686942395
0.00230468806439
0.0166535134277
0.0135021052798
0.0158419466984
0.0188739438703
0.0298196776353
0.00931579391533
0.0227620138404
0.00196766403882
0.0173613047377
0.02227955379
0.0150314048226
0.0205568686487
0.0264221329539
0.0195835227887
0.0192883423472
0.00386743828922
-0.00354498811961
0.0022250426684
-0.00484989161744
-0.00978648790759
-0.000906370045432
-0.0010025831115
0.00453958885978
0.00727545301112
0.023579559572
-0.0015268090583
0.013011515753
-0.00659527096899
-0.00178001476409
0.0134696403703
0.00437159222187
0.00695943909371
0.0181702926889
0.0143423746299
0.0173998270625
0.00442449477515
-0.000703402355157
0.00192881650893
-2.92207729305e-05
-0.0114216095947
-0.00756310443199
-0.00522055273136
0.000943392879043
0.00363363381249
0.0182016315851
-3.72283316445e-05
0.00729815397995
-0.00718618071422
-0.00998133479292
0.0110021503981
0.00428178955094
0.00165226376131
0.0134700010215
0.0112540683477
0.0153588265122
0.00586098958558
-2.819770503e-05
0.00150980191035
-0.00588338845943
-0.0119011765022
-0.00888568103416
-0.00721862926814
-0.000103257691567
0.00260276818139
0.0138652943169
0.00304090101851
0.00171424935333
-0.00677507121978
-0.011156214886
0.00805097660148
0.00564692427454
0.0013535755687
0.0110583756371
0.0108441027522
0.0116887467431
0.00777695284519
-0.000428359074505
0.000655869174395
-0.0117388951804
-0.0100670353907
-0.00805940953812
-0.00869987189388
-0.000899056400991
0.00270256742363
0.0105729950157
0.00481103857121
-0.00371305358763
-0.00633638200643
-0.00877995078441
0.0047573428994
0.00617267244472
0.00191992121459
0.0104720142727
0.0124500936771
0.0097845633808
0.009645875351
-0.0020242090288
-0.00075691323496
-0.0112069669912
-0.00731096050204
-0.00704251150893
-0.00943104876759
-0.00195679242059
0.00315206863205
0.00891867148761
0.00459451076882
-0.00602105027053
-0.00544565117883
-0.0034339071448
0.00416901295327
0.0019895370246
0.0022781352899
0.0105072414797
0.0145769833966
0.00856011500667
0.00987677282032
-0.00438027933264
-0.00188783189305
-0.0113143615194
-0.00522554160572
-0.00650529324605
-0.00966964800093
-0.00334268910024
0.00393229134786
0.00826774900078
0.00369701695706
-0.00636776913212
-0.00462816250904
0.00085295759835
0.00496225668192
-0.00320998694217
0.00224962466979
0.0108677515813
0.0166180475599
0.00626028845056
0.00649037516849
-0.00850154735248
-0.0033511440215
-0.0134845757811
-0.00644918924219
-0.00624499329309
-0.010298009029
-0.0058076499213
0.00589002151255
0.00809368015631
0.00346378926968
-0.0056249443871
-0.00455270147709
0.00246136813572
0.00637113849374
-0.00124146448781
0.00290624397467
0.010787414762
0.0161301014878
0.00711840483203
-0.000780576100291
-0.0154294581251
-0.00876797693799
-0.0157361480027
-0.0143476683345
-0.00705824249868
-0.0133629322921
-0.0112966969431
0.00880192364944
0.00712514539264
0.00328063500859
-0.00365181987292
-0.00761655084827
0.000619317244801
0.00722737007723
0.00344396329403
0.00331066666207
0.00751900444263
0.00400440486885
-0.00547925625969
-0.0151599443851
-0.0262430831204
-0.0218897833483
-0.0209994721505
-0.0229832492527
-0.0158307764437
-0.0228783128676
-0.0233463231837
0.00169810860268
-0.00289420744619
-0.00349547227845
-0.00777460696658
-0.0193680753598
-0.0146722902155
-0.00135694470625
-0.00350792074966
-0.00576508652891
-0.00748486937896
0.0203201650539
0.0191339608703
0.0267046665213
0.0102853441936
0.00274965067586
-0.000487470845222
0.0205798302011
0.00182166508737
0.00624041046322
0.00839161974425
0.0223940005751
0.0223390473784
-0.00191997571708
0.00176997204618
0.017962142695
0.00214269898806
0.0234039795635
0.00729656450262
0.0174197183352
0.0170780784728
0.012637450761
0.00529993377411
0.015423563694
-0.0105306700368
-0.00759160767479
-0.0116698657942
0.00409692335874
-0.0116212630547
-0.00552960059449
-0.00266771238682
0.0125542505618
0.00961104957698
-0.0123619746827
-0.00778478061722
0.00554938073834
-0.00916929121928
0.00940698453282
-0.00157582209549
0.00773914318091
0.00660204389772
0.00823750173827
0.000712662197961
0.00636614232452
-0.0174214938514
-0.00925228419387
-0.0121541086146
-0.00230083903668
-0.0124100748485
-0.00946684068998
-0.00472290157929
0.00809263222449
0.0020240694335
-0.0122837188293
-0.00669299754519
-0.01040922506
-0.00965435257112
0.00266535723173
-0.00294185911414
0.00421904646299
0.00338145965465
0.00346133916059
-0.0018777075783
0.00211709074676
-0.0189941309142
-0.00931676234786
-0.0114751456389
-0.00295804842305
-0.0102566594929
-0.0125654330428
-0.00500601990458
0.00653569276693
-0.00119921640062
-0.00994731585036
-0.00670024233984
-0.0118257999717
-0.00666934564831
0.00125259523603
-0.00282832015755
0.0028646230357
0.00270489294984
0.00151868225343
-0.00234338765851
0.00212224455718
-0.0199474531125
-0.0048673177403
-0.0112524645052
-0.00231803206056
-0.00900389979695
-0.0148411924282
-0.00451802484342
0.0061813752145
-0.000129910996927
-0.00804233097317
-0.00791254360628
-0.0077271943852
-0.00226849664873
0.00174511512329
-0.00136109330683
0.00145001393338
0.00330357193229
0.00351846638113
-0.00162690220808
0.00376001703188
-0.0207875146976
-0.00116967651227
-0.00956817182198
-0.00128825471468
-0.00900852531185
-0.0167968771216
-0.00328594959258
0.00645983998672
0.003560359079
-0.0061015872046
-0.011264525162
-0.00461847159142
0.000397751927183
0.00351564264759
0.000738768484782
-0.000635271004786
0.00443371258425
0.00335769662981
-0.000300278055606
0.00641716884648
-0.0214716723362
0.000773203148723
-0.00774181312153
-0.00014413785959
-0.0104786080606
-0.0187754062946
-0.00157661599339
0.00707894368332
0.00740502691485
-0.00469657924682
-0.015271194299
-0.00335822348301
0.0011506256793
0.0063953973517
0.00254683422045
-0.00454920572759
0.00562903394364
0.000937077015365
0.0015847768947
0.00902251049085
-0.0220528394246
0.00125082200226
-0.00514482560068
0.00117462459616
-0.0121965313391
-0.021302696528
0.00058558285891
0.00809718657484
0.0108892667002
-0.00512741007008
-0.0184657774047
-0.00392095345783
0.00115127165396
0.00990907400953
0.00420845749167
-0.0106301100005
0.00626096755882
-0.00525127718028
0.00392067652602
0.00864353193705
-0.0242777280008
-0.00270473842006
-9.89499592495e-05
0.00194877642588
-0.0151618819592
-0.0250714046962
0.000632252192645
0.00894262498482
0.0110783869175
-0.0107033117197
-0.0218989109704
-0.0100616935144
0.00134324755093
0.0120604683233
0.00496661182472
-0.0184143911828
0.0043203881368
-0.0172748859056
-0.00417243358947
-0.00166682261963
-0.0298351622169
-0.0175100490961
-0.00404397972854
-0.0029530431458
-0.0233682206861
-0.0301630914498
-0.0103636114406
0.00175790657861
0.00297007500548
-0.0227651742169
-0.0281977423423
-0.0224692833742
-0.00708181760161
0.00357586511894
-0.00671007868802
-0.0280614847969
-0.00873537393922
0.000975444779683
0.0232996847766
0.00906614993189
0.0101735075169
0.0111268360598
0.0195443516166
0.00885197315476
-0.00158872768332
-0.00768603765666
0.00239536342184
0.0187950795773
0.0131783073541
0.00864725848352
-0.00161164093146
0.0190271721278
0.0157793323647
0.0275316898314
0.0186496951713
0.0083951438821
0.004404033683
-0.00601161524553
0.00957967965094
0.00303562332763
0.00519363685493
-0.00220809073446
0.00240389799006
-0.00204157070506
-0.00701026089724
-0.0193063810181
-0.00780561337018
0.00689930449292
0.00473649261308
-0.00227167783225
-0.0110361198437
0.00255120750813
0.000883390860479
0.0179658720578
0.00634132759624
0.000415259984839
-0.00262280622113
-0.00459056882536
0.00216600968727
0.00431014085903
-0.00113736831145
-0.00134995072978
-0.00437751919599
-0.00135141600402
-0.00123417918166
-0.020722814459
-0.00827275575496
0.00318233865566
0.00474271139737
-0.00480547055366
-0.0116660606143
-0.00423526622089
-0.00320902211622
0.0118288916508
0.00303159545079
0.00080822772113
-0.000157654893599
-0.0036254496827
-0.00105980274838
0.00538761629297
-0.0107732033148
9.69366938052e-05
-0.00603906367438
0.00053719960705
0.00158675706828
-0.0213706247238
-0.00757457981732
0.00466293884336
0.00573253938539
-0.00431203749422
-0.0120752534249
-0.00507684105271
-0.00411462858671
0.00876048240935
0.000485416596828
0.0012869962463
0.00100143509097
-0.00350892691384
-0.00262803757927
0.00537440195197
-0.0122953316856
-0.00177028393205
-0.00593849323358
0.0013932231052
0.00222695731665
-0.0220736534462
-0.00687231401942
0.00798804294404
0.00461096369832
-0.00425783134788
-0.013135535965
-0.00451309770258
-0.00477424362168
0.00728976787886
-0.0020108326484
-0.000475750296645
0.00152191462815
-0.00365917880122
-0.00284060915096
0.00492943059649
-0.0122976976775
-0.00254148102027
-0.0047774306317
0.00161282757194
0.00116491008191
-0.022808742097
-0.00692876647604
0.0104198306166
0.0003214797242
-0.00501278983933
-0.0143139881391
-0.0042469302755
-0.00476744921454
0.00644842828157
-0.00250701402947
-0.00499518444438
0.000822947732354
-0.00487065838145
-0.00188504632672
0.00368451314918
-0.0127466818992
-0.00142349823975
-0.00261005056902
0.00160393010707
-0.00207670931822
-0.023819326382
-0.00962802955873
0.00936672819837
-0.00496126086615
-0.00611785746759
-0.0160847533465
-0.00307525488547
-0.00411515359963
0.00627903089477
-0.00214180026344
-0.0103233332801
0.00112202026134
-0.00710856860046
0.000827371124851
0.00280189438199
-0.0160335737458
0.00049175892263
-0.0014210022589
0.00117115200959
-0.00717811331427
-0.0253857710011
-0.0143465177173
0.00590834556328
-0.00993157851241
-0.00883182386174
-0.0192720988055
-0.0021061423455
-0.00258198422628
0.00700237398144
-0.000745844973306
-0.0153006522922
0.00244984563565
-0.00544395235982
0.000557774509419
0.00221085100314
-0.0196542167896
-0.00241193310441
-0.00182504988811
-0.00173739702131
-0.0149152138647
-0.02795206265
-0.0210210890076
-0.00280219833789
-0.0132788602792
-0.014463964811
-0.0240538654764
-0.00534882422475
-0.00221820374809
0.00905717338599
0.00294706869405
-0.0206987210955
-0.00143025060443
-0.0159687006244
-0.0104820117307
-0.00658548271751
-0.02434779449
-0.0142568412151
-0.0133614454385
-0.0135067944453
-0.0259216707711
-0.0311633308038
-0.0289939362177
-0.0176171728191
-0.0208419365743
-0.0234140613929
-0.0296306598691
-0.0179467641352
-0.00943403604263
0.00240759094076
-0.00289884309511
-0.0283700261837
-0.0170075929004
)
;

boundaryField
{
    ground
    {
        type            calculated;
        value           uniform 0.0327;
    }
    top
    {
        type            calculated;
        value           uniform -0.0327;
    }
    left
    {
        type            cyclic;
    }
    right
    {
        type            cyclic;
    }
    front
    {
        type            cyclic;
    }
    back
    {
        type            cyclic;
    }
}


// ************************************************************************* //
