# Buoyancy boundary layer depth time series
# <\delta_b(t)> averaged between 100.000000 and 400.000000 with sampling frequency 1.000000
# time		 max(var(b)) in [0, H/2]	 z(max(var(b))in [0, H/2])	  max(var(b))in [H/2, H]	 z(max(var(b))in [H/2, H])	 \delta_b[inst.]	  max(<var(b)>)in [0, H/2]	 z(max(<var(b)>)in [0, H/2])	  max(<var(b)>)in [H/2, H]	 z(max(<var(b)>)in [H/2, H])	 \delta_b[av.]	 
100.000000	 0.013859	 0.042500	 0.028868	 0.967500	 0.037500	 0.013859	 0.042500	 0.028868	 0.967500	 0.037500	 
101.000000	 0.012167	 0.047500	 0.025820	 0.967500	 0.040000	 0.012974	 0.042500	 0.027344	 0.967500	 0.037500	 
102.000000	 0.011183	 0.047500	 0.020968	 0.967500	 0.040000	 0.012363	 0.047500	 0.025219	 0.967500	 0.040000	 
103.000000	 0.013739	 0.067500	 0.018101	 0.962500	 0.052500	 0.012414	 0.047500	 0.023386	 0.967500	 0.040000	 
104.000000	 0.019278	 0.047500	 0.019758	 0.957500	 0.045000	 0.013787	 0.047500	 0.022489	 0.967500	 0.040000	 
105.000000	 0.024218	 0.037500	 0.025902	 0.957500	 0.040000	 0.015313	 0.042500	 0.022853	 0.967500	 0.037500	 
106.000000	 0.024917	 0.032500	 0.033970	 0.962500	 0.035000	 0.016432	 0.042500	 0.024406	 0.962500	 0.040000	 
107.000000	 0.025772	 0.037500	 0.040480	 0.962500	 0.037500	 0.017552	 0.037500	 0.026415	 0.962500	 0.037500	 
108.000000	 0.026767	 0.037500	 0.043078	 0.967500	 0.035000	 0.018576	 0.037500	 0.028195	 0.962500	 0.037500	 
109.000000	 0.025964	 0.037500	 0.040949	 0.967500	 0.035000	 0.019314	 0.037500	 0.029457	 0.967500	 0.035000	 
110.000000	 0.027437	 0.037500	 0.035295	 0.967500	 0.035000	 0.020053	 0.037500	 0.029988	 0.967500	 0.035000	 
111.000000	 0.026852	 0.037500	 0.028269	 0.962500	 0.037500	 0.020619	 0.037500	 0.029844	 0.967500	 0.035000	 
112.000000	 0.024979	 0.032500	 0.022906	 0.957500	 0.037500	 0.020944	 0.037500	 0.029213	 0.967500	 0.035000	 
113.000000	 0.021884	 0.037500	 0.019791	 0.952500	 0.042500	 0.021011	 0.037500	 0.028363	 0.962500	 0.037500	 
114.000000	 0.017700	 0.037500	 0.017742	 0.952500	 0.042500	 0.020790	 0.037500	 0.027586	 0.962500	 0.037500	 
115.000000	 0.014432	 0.037500	 0.015918	 0.957500	 0.040000	 0.020393	 0.037500	 0.026853	 0.962500	 0.037500	 
116.000000	 0.016861	 0.042500	 0.014995	 0.967500	 0.037500	 0.020163	 0.037500	 0.026150	 0.962500	 0.037500	 
117.000000	 0.017546	 0.042500	 0.016603	 0.967500	 0.037500	 0.020008	 0.037500	 0.025618	 0.962500	 0.037500	 
118.000000	 0.015055	 0.042500	 0.018808	 0.967500	 0.037500	 0.019726	 0.037500	 0.025228	 0.962500	 0.037500	 
119.000000	 0.011819	 0.047500	 0.020212	 0.967500	 0.040000	 0.019309	 0.037500	 0.024940	 0.962500	 0.037500	 
120.000000	 0.009859	 0.042500	 0.022101	 0.967500	 0.037500	 0.018855	 0.037500	 0.024783	 0.962500	 0.037500	 
121.000000	 0.011214	 0.122500	 0.024617	 0.967500	 0.077500	 0.018433	 0.037500	 0.024769	 0.967500	 0.035000	 
122.000000	 0.014516	 0.092500	 0.026440	 0.967500	 0.062500	 0.018111	 0.037500	 0.024842	 0.967500	 0.035000	 
123.000000	 0.020193	 0.062500	 0.026757	 0.967500	 0.047500	 0.018000	 0.037500	 0.024921	 0.967500	 0.035000	 
124.000000	 0.025063	 0.052500	 0.024691	 0.967500	 0.042500	 0.018109	 0.037500	 0.024912	 0.967500	 0.035000	 
125.000000	 0.025721	 0.047500	 0.020416	 0.972500	 0.037500	 0.018355	 0.042500	 0.024733	 0.967500	 0.037500	 
126.000000	 0.023048	 0.047500	 0.016368	 0.967500	 0.040000	 0.018517	 0.042500	 0.024423	 0.967500	 0.037500	 
127.000000	 0.019291	 0.042500	 0.015107	 0.967500	 0.037500	 0.018545	 0.042500	 0.024090	 0.967500	 0.037500	 
128.000000	 0.016238	 0.042500	 0.015467	 0.967500	 0.037500	 0.018465	 0.042500	 0.023793	 0.967500	 0.037500	 
129.000000	 0.014956	 0.037500	 0.016793	 0.967500	 0.035000	 0.018342	 0.042500	 0.023560	 0.967500	 0.037500	 
130.000000	 0.015321	 0.037500	 0.018386	 0.972500	 0.032500	 0.018239	 0.042500	 0.023392	 0.967500	 0.037500	 
131.000000	 0.016646	 0.042500	 0.019453	 0.967500	 0.037500	 0.018189	 0.042500	 0.023269	 0.967500	 0.037500	 
132.000000	 0.018846	 0.042500	 0.021381	 0.957500	 0.042500	 0.018209	 0.042500	 0.023200	 0.967500	 0.037500	 
133.000000	 0.020910	 0.042500	 0.026292	 0.947500	 0.047500	 0.018289	 0.042500	 0.023220	 0.967500	 0.037500	 
134.000000	 0.022487	 0.092500	 0.029238	 0.962500	 0.065000	 0.018402	 0.042500	 0.023373	 0.967500	 0.037500	 
135.000000	 0.027420	 0.067500	 0.029772	 0.967500	 0.050000	 0.018603	 0.042500	 0.023550	 0.967500	 0.037500	 
136.000000	 0.032834	 0.047500	 0.027205	 0.967500	 0.040000	 0.018986	 0.042500	 0.023649	 0.967500	 0.037500	 
137.000000	 0.036532	 0.037500	 0.022862	 0.967500	 0.035000	 0.019435	 0.042500	 0.023628	 0.967500	 0.037500	 
138.000000	 0.036324	 0.032500	 0.018817	 0.962500	 0.035000	 0.019835	 0.042500	 0.023488	 0.967500	 0.037500	 
139.000000	 0.033250	 0.032500	 0.015845	 0.957500	 0.037500	 0.020135	 0.042500	 0.023272	 0.967500	 0.037500	 
140.000000	 0.028397	 0.037500	 0.014638	 0.962500	 0.037500	 0.020319	 0.042500	 0.023050	 0.967500	 0.037500	 
141.000000	 0.024422	 0.042500	 0.014779	 0.962500	 0.040000	 0.020417	 0.042500	 0.022850	 0.967500	 0.037500	 
142.000000	 0.021350	 0.042500	 0.015441	 0.967500	 0.037500	 0.020439	 0.042500	 0.022678	 0.967500	 0.037500	 
143.000000	 0.018866	 0.032500	 0.016835	 0.967500	 0.032500	 0.020383	 0.042500	 0.022545	 0.967500	 0.037500	 
144.000000	 0.016644	 0.032500	 0.018399	 0.962500	 0.035000	 0.020273	 0.042500	 0.022450	 0.967500	 0.037500	 
145.000000	 0.013728	 0.117500	 0.018956	 0.962500	 0.077500	 0.020121	 0.042500	 0.022363	 0.967500	 0.037500	 
146.000000	 0.016790	 0.042500	 0.017288	 0.962500	 0.040000	 0.020051	 0.042500	 0.022239	 0.967500	 0.037500	 
147.000000	 0.019169	 0.032500	 0.013971	 0.957500	 0.037500	 0.020020	 0.042500	 0.022048	 0.967500	 0.037500	 
148.000000	 0.021240	 0.037500	 0.011844	 0.942500	 0.047500	 0.020043	 0.037500	 0.021819	 0.967500	 0.035000	 
149.000000	 0.024199	 0.042500	 0.013904	 0.937500	 0.052500	 0.020125	 0.042500	 0.021624	 0.967500	 0.037500	 
150.000000	 0.027624	 0.042500	 0.018047	 0.952500	 0.045000	 0.020272	 0.042500	 0.021513	 0.967500	 0.037500	 
151.000000	 0.030649	 0.042500	 0.020303	 0.957500	 0.042500	 0.020471	 0.042500	 0.021469	 0.962500	 0.040000	 
152.000000	 0.031585	 0.037500	 0.020590	 0.957500	 0.040000	 0.020680	 0.042500	 0.021447	 0.962500	 0.040000	 
153.000000	 0.030454	 0.037500	 0.021141	 0.957500	 0.040000	 0.020843	 0.042500	 0.021436	 0.962500	 0.040000	 
154.000000	 0.027418	 0.032500	 0.022822	 0.962500	 0.035000	 0.020949	 0.037500	 0.021462	 0.962500	 0.037500	 
155.000000	 0.023420	 0.037500	 0.024016	 0.967500	 0.035000	 0.020993	 0.037500	 0.021501	 0.962500	 0.037500	 
156.000000	 0.020306	 0.037500	 0.023425	 0.967500	 0.035000	 0.020981	 0.037500	 0.021528	 0.962500	 0.037500	 
157.000000	 0.018100	 0.037500	 0.023780	 0.962500	 0.037500	 0.020932	 0.037500	 0.021567	 0.962500	 0.037500	 
158.000000	 0.017066	 0.042500	 0.027353	 0.957500	 0.042500	 0.020862	 0.037500	 0.021664	 0.962500	 0.037500	 
159.000000	 0.017634	 0.042500	 0.034844	 0.957500	 0.042500	 0.020807	 0.037500	 0.021882	 0.962500	 0.037500	 
160.000000	 0.019651	 0.037500	 0.043621	 0.962500	 0.037500	 0.020788	 0.037500	 0.022239	 0.962500	 0.037500	 
161.000000	 0.022883	 0.037500	 0.046198	 0.962500	 0.037500	 0.020822	 0.037500	 0.022625	 0.962500	 0.037500	 
162.000000	 0.025779	 0.037500	 0.041496	 0.962500	 0.037500	 0.020901	 0.037500	 0.022925	 0.962500	 0.037500	 
163.000000	 0.028080	 0.042500	 0.034386	 0.967500	 0.037500	 0.021010	 0.037500	 0.023103	 0.962500	 0.037500	 
164.000000	 0.030431	 0.037500	 0.027468	 0.962500	 0.037500	 0.021155	 0.037500	 0.023170	 0.962500	 0.037500	 
165.000000	 0.031311	 0.037500	 0.023189	 0.907500	 0.065000	 0.021308	 0.037500	 0.023159	 0.962500	 0.037500	 
166.000000	 0.031040	 0.037500	 0.023847	 0.942500	 0.047500	 0.021454	 0.037500	 0.023145	 0.962500	 0.037500	 
167.000000	 0.032435	 0.037500	 0.027261	 0.957500	 0.040000	 0.021615	 0.037500	 0.023203	 0.962500	 0.037500	 
168.000000	 0.033869	 0.037500	 0.030524	 0.962500	 0.037500	 0.021793	 0.037500	 0.023309	 0.962500	 0.037500	 
169.000000	 0.035609	 0.032500	 0.031054	 0.967500	 0.032500	 0.021980	 0.037500	 0.023407	 0.962500	 0.037500	 
170.000000	 0.035334	 0.027500	 0.027845	 0.967500	 0.030000	 0.022140	 0.037500	 0.023462	 0.962500	 0.037500	 
171.000000	 0.031084	 0.027500	 0.023840	 0.962500	 0.032500	 0.022209	 0.037500	 0.023467	 0.962500	 0.037500	 
172.000000	 0.023772	 0.027500	 0.021176	 0.952500	 0.037500	 0.022186	 0.037500	 0.023428	 0.962500	 0.037500	 
173.000000	 0.017421	 0.027500	 0.019802	 0.952500	 0.037500	 0.022114	 0.037500	 0.023368	 0.962500	 0.037500	 
174.000000	 0.016389	 0.052500	 0.019403	 0.957500	 0.047500	 0.022029	 0.037500	 0.023310	 0.962500	 0.037500	 
175.000000	 0.014820	 0.042500	 0.019043	 0.962500	 0.040000	 0.021932	 0.037500	 0.023254	 0.962500	 0.037500	 
176.000000	 0.013507	 0.042500	 0.017111	 0.962500	 0.040000	 0.021821	 0.037500	 0.023174	 0.962500	 0.037500	 
177.000000	 0.014627	 0.047500	 0.014430	 0.962500	 0.042500	 0.021720	 0.037500	 0.023062	 0.962500	 0.037500	 
178.000000	 0.016773	 0.042500	 0.012580	 0.962500	 0.040000	 0.021654	 0.037500	 0.022929	 0.962500	 0.037500	 
179.000000	 0.020259	 0.037500	 0.013117	 0.902500	 0.067500	 0.021636	 0.037500	 0.022788	 0.962500	 0.037500	 
180.000000	 0.025647	 0.037500	 0.014901	 0.907500	 0.065000	 0.021686	 0.037500	 0.022647	 0.962500	 0.037500	 
181.000000	 0.032526	 0.037500	 0.015743	 0.917500	 0.060000	 0.021818	 0.037500	 0.022513	 0.962500	 0.037500	 
182.000000	 0.038745	 0.037500	 0.016233	 0.917500	 0.060000	 0.022022	 0.037500	 0.022394	 0.962500	 0.037500	 
183.000000	 0.039854	 0.032500	 0.022447	 0.892500	 0.070000	 0.022231	 0.037500	 0.022295	 0.962500	 0.037500	 
184.000000	 0.036350	 0.032500	 0.028293	 0.922500	 0.055000	 0.022385	 0.037500	 0.022283	 0.962500	 0.037500	 
185.000000	 0.030678	 0.032500	 0.034824	 0.952500	 0.040000	 0.022467	 0.037500	 0.022411	 0.962500	 0.037500	 
186.000000	 0.025373	 0.032500	 0.042685	 0.962500	 0.035000	 0.022490	 0.037500	 0.022644	 0.962500	 0.037500	 
187.000000	 0.021110	 0.032500	 0.044466	 0.967500	 0.032500	 0.022473	 0.037500	 0.022883	 0.962500	 0.037500	 
188.000000	 0.018450	 0.037500	 0.038320	 0.967500	 0.035000	 0.022427	 0.037500	 0.023041	 0.962500	 0.037500	 
189.000000	 0.017666	 0.042500	 0.032275	 0.962500	 0.040000	 0.022373	 0.037500	 0.023143	 0.962500	 0.037500	 
190.000000	 0.019862	 0.092500	 0.029098	 0.957500	 0.067500	 0.022342	 0.037500	 0.023208	 0.962500	 0.037500	 
191.000000	 0.023679	 0.047500	 0.024704	 0.962500	 0.042500	 0.022352	 0.037500	 0.023224	 0.962500	 0.037500	 
192.000000	 0.027870	 0.047500	 0.025893	 0.932500	 0.057500	 0.022401	 0.037500	 0.023231	 0.962500	 0.037500	 
193.000000	 0.029417	 0.042500	 0.030115	 0.952500	 0.045000	 0.022475	 0.037500	 0.023297	 0.962500	 0.037500	 
194.000000	 0.027320	 0.037500	 0.034979	 0.962500	 0.037500	 0.022526	 0.037500	 0.023420	 0.962500	 0.037500	 
195.000000	 0.023356	 0.037500	 0.037377	 0.962500	 0.037500	 0.022535	 0.037500	 0.023565	 0.962500	 0.037500	 
196.000000	 0.021568	 0.047500	 0.038530	 0.962500	 0.042500	 0.022520	 0.037500	 0.023719	 0.962500	 0.037500	 
197.000000	 0.019635	 0.082500	 0.040147	 0.962500	 0.060000	 0.022487	 0.037500	 0.023887	 0.962500	 0.037500	 
198.000000	 0.020871	 0.072500	 0.042074	 0.957500	 0.057500	 0.022446	 0.037500	 0.024070	 0.962500	 0.037500	 
199.000000	 0.026057	 0.057500	 0.043442	 0.962500	 0.047500	 0.022445	 0.037500	 0.024264	 0.962500	 0.037500	 
200.000000	 0.032471	 0.047500	 0.043191	 0.967500	 0.040000	 0.022528	 0.037500	 0.024449	 0.962500	 0.037500	 
201.000000	 0.037935	 0.042500	 0.040999	 0.967500	 0.037500	 0.022675	 0.037500	 0.024602	 0.962500	 0.037500	 
202.000000	 0.041092	 0.037500	 0.035882	 0.967500	 0.035000	 0.022854	 0.037500	 0.024699	 0.962500	 0.037500	 
203.000000	 0.040459	 0.032500	 0.030031	 0.967500	 0.032500	 0.023016	 0.037500	 0.024743	 0.962500	 0.037500	 
204.000000	 0.036491	 0.032500	 0.026249	 0.962500	 0.035000	 0.023131	 0.037500	 0.024757	 0.962500	 0.037500	 
205.000000	 0.030765	 0.032500	 0.023978	 0.962500	 0.035000	 0.023195	 0.037500	 0.024750	 0.962500	 0.037500	 
206.000000	 0.024942	 0.037500	 0.020699	 0.967500	 0.035000	 0.023211	 0.037500	 0.024710	 0.962500	 0.037500	 
207.000000	 0.023220	 0.077500	 0.017789	 0.962500	 0.057500	 0.023196	 0.037500	 0.024646	 0.962500	 0.037500	 
208.000000	 0.026705	 0.052500	 0.016511	 0.957500	 0.047500	 0.023211	 0.037500	 0.024569	 0.962500	 0.037500	 
209.000000	 0.032110	 0.037500	 0.017196	 0.942500	 0.047500	 0.023291	 0.037500	 0.024490	 0.962500	 0.037500	 
210.000000	 0.036786	 0.032500	 0.019564	 0.892500	 0.070000	 0.023408	 0.037500	 0.024426	 0.962500	 0.037500	 
211.000000	 0.039982	 0.032500	 0.024285	 0.917500	 0.057500	 0.023548	 0.037500	 0.024388	 0.962500	 0.037500	 
212.000000	 0.039761	 0.032500	 0.029275	 0.947500	 0.042500	 0.023682	 0.037500	 0.024410	 0.962500	 0.037500	 
213.000000	 0.037034	 0.032500	 0.033291	 0.957500	 0.037500	 0.023791	 0.037500	 0.024487	 0.962500	 0.037500	 
214.000000	 0.033648	 0.032500	 0.032963	 0.962500	 0.035000	 0.023874	 0.037500	 0.024561	 0.962500	 0.037500	 
215.000000	 0.030403	 0.037500	 0.030439	 0.962500	 0.037500	 0.023930	 0.037500	 0.024611	 0.962500	 0.037500	 
216.000000	 0.027653	 0.037500	 0.032059	 0.947500	 0.045000	 0.023962	 0.037500	 0.024662	 0.962500	 0.037500	 
217.000000	 0.031469	 0.052500	 0.034830	 0.952500	 0.050000	 0.024011	 0.037500	 0.024741	 0.962500	 0.037500	 
218.000000	 0.034324	 0.042500	 0.037886	 0.962500	 0.040000	 0.024096	 0.037500	 0.024852	 0.962500	 0.037500	 
219.000000	 0.036587	 0.032500	 0.039337	 0.967500	 0.032500	 0.024196	 0.037500	 0.024965	 0.962500	 0.037500	 
220.000000	 0.036599	 0.027500	 0.036160	 0.967500	 0.030000	 0.024281	 0.037500	 0.025045	 0.962500	 0.037500	 
221.000000	 0.033468	 0.032500	 0.031066	 0.967500	 0.032500	 0.024346	 0.037500	 0.025091	 0.962500	 0.037500	 
222.000000	 0.029215	 0.037500	 0.031576	 0.937500	 0.050000	 0.024385	 0.037500	 0.025128	 0.962500	 0.037500	 
223.000000	 0.022972	 0.037500	 0.036554	 0.952500	 0.042500	 0.024374	 0.037500	 0.025213	 0.962500	 0.037500	 
224.000000	 0.017597	 0.042500	 0.041440	 0.962500	 0.040000	 0.024319	 0.037500	 0.025343	 0.962500	 0.037500	 
225.000000	 0.019528	 0.087500	 0.044255	 0.967500	 0.060000	 0.024255	 0.037500	 0.025489	 0.962500	 0.037500	 
226.000000	 0.021631	 0.077500	 0.043679	 0.967500	 0.055000	 0.024210	 0.037500	 0.025626	 0.962500	 0.037500	 
227.000000	 0.023625	 0.062500	 0.040171	 0.967500	 0.047500	 0.024192	 0.037500	 0.025735	 0.962500	 0.037500	 
228.000000	 0.025015	 0.047500	 0.034606	 0.967500	 0.040000	 0.024190	 0.037500	 0.025802	 0.962500	 0.037500	 
229.000000	 0.024498	 0.047500	 0.029171	 0.962500	 0.042500	 0.024187	 0.037500	 0.025828	 0.962500	 0.037500	 
230.000000	 0.023543	 0.047500	 0.025989	 0.952500	 0.047500	 0.024177	 0.037500	 0.025826	 0.962500	 0.037500	 
231.000000	 0.025013	 0.057500	 0.025812	 0.957500	 0.050000	 0.024174	 0.037500	 0.025824	 0.962500	 0.037500	 
232.000000	 0.030690	 0.047500	 0.025769	 0.962500	 0.042500	 0.024219	 0.037500	 0.025823	 0.962500	 0.037500	 
233.000000	 0.037226	 0.037500	 0.029032	 0.962500	 0.037500	 0.024316	 0.037500	 0.025847	 0.962500	 0.037500	 
234.000000	 0.040500	 0.032500	 0.035412	 0.957500	 0.037500	 0.024433	 0.037500	 0.025916	 0.962500	 0.037500	 
235.000000	 0.039162	 0.032500	 0.041739	 0.957500	 0.037500	 0.024532	 0.037500	 0.026031	 0.962500	 0.037500	 
236.000000	 0.033478	 0.027500	 0.042260	 0.962500	 0.032500	 0.024584	 0.037500	 0.026149	 0.962500	 0.037500	 
237.000000	 0.025734	 0.032500	 0.037903	 0.967500	 0.032500	 0.024584	 0.037500	 0.026233	 0.962500	 0.037500	 
238.000000	 0.019136	 0.032500	 0.030791	 0.962500	 0.035000	 0.024543	 0.037500	 0.026266	 0.962500	 0.037500	 
239.000000	 0.020054	 0.102500	 0.023085	 0.962500	 0.070000	 0.024484	 0.037500	 0.026243	 0.962500	 0.037500	 
240.000000	 0.020876	 0.077500	 0.017834	 0.957500	 0.060000	 0.024439	 0.037500	 0.026183	 0.962500	 0.037500	 
241.000000	 0.024293	 0.047500	 0.016951	 0.957500	 0.045000	 0.024431	 0.037500	 0.026117	 0.962500	 0.037500	 
242.000000	 0.028345	 0.042500	 0.018719	 0.957500	 0.042500	 0.024458	 0.037500	 0.026063	 0.962500	 0.037500	 
243.000000	 0.031302	 0.037500	 0.022753	 0.942500	 0.047500	 0.024505	 0.037500	 0.026033	 0.962500	 0.037500	 
244.000000	 0.032841	 0.037500	 0.026509	 0.952500	 0.042500	 0.024563	 0.037500	 0.026028	 0.962500	 0.037500	 
245.000000	 0.033620	 0.047500	 0.027914	 0.952500	 0.047500	 0.024621	 0.037500	 0.026034	 0.962500	 0.037500	 
246.000000	 0.035985	 0.042500	 0.030245	 0.932500	 0.055000	 0.024697	 0.037500	 0.026044	 0.962500	 0.037500	 
247.000000	 0.040373	 0.037500	 0.035255	 0.942500	 0.047500	 0.024803	 0.037500	 0.026081	 0.962500	 0.037500	 
248.000000	 0.041594	 0.032500	 0.040198	 0.957500	 0.037500	 0.024908	 0.037500	 0.026171	 0.962500	 0.037500	 
249.000000	 0.038500	 0.032500	 0.043667	 0.962500	 0.035000	 0.024988	 0.037500	 0.026287	 0.962500	 0.037500	 
250.000000	 0.035092	 0.032500	 0.043765	 0.967500	 0.032500	 0.025048	 0.037500	 0.026398	 0.962500	 0.037500	 
251.000000	 0.033502	 0.032500	 0.039687	 0.967500	 0.032500	 0.025102	 0.037500	 0.026480	 0.962500	 0.037500	 
252.000000	 0.033038	 0.037500	 0.033811	 0.962500	 0.037500	 0.025154	 0.037500	 0.026528	 0.962500	 0.037500	 
253.000000	 0.031770	 0.037500	 0.032482	 0.952500	 0.042500	 0.025197	 0.037500	 0.026562	 0.962500	 0.037500	 
254.000000	 0.028955	 0.037500	 0.033479	 0.962500	 0.037500	 0.025221	 0.037500	 0.026606	 0.962500	 0.037500	 
255.000000	 0.025060	 0.037500	 0.034299	 0.967500	 0.035000	 0.025220	 0.037500	 0.026652	 0.962500	 0.037500	 
256.000000	 0.022567	 0.102500	 0.033682	 0.967500	 0.067500	 0.025195	 0.037500	 0.026689	 0.962500	 0.037500	 
257.000000	 0.024339	 0.087500	 0.031678	 0.967500	 0.060000	 0.025159	 0.037500	 0.026716	 0.962500	 0.037500	 
258.000000	 0.026218	 0.062500	 0.030306	 0.962500	 0.050000	 0.025143	 0.037500	 0.026739	 0.962500	 0.037500	 
259.000000	 0.029361	 0.047500	 0.028896	 0.957500	 0.045000	 0.025162	 0.037500	 0.026751	 0.962500	 0.037500	 
260.000000	 0.031815	 0.042500	 0.032115	 0.922500	 0.060000	 0.025202	 0.037500	 0.026755	 0.962500	 0.037500	 
261.000000	 0.033545	 0.042500	 0.034678	 0.942500	 0.050000	 0.025253	 0.037500	 0.026786	 0.962500	 0.037500	 
262.000000	 0.035215	 0.042500	 0.037495	 0.957500	 0.042500	 0.025313	 0.037500	 0.026851	 0.962500	 0.037500	 
263.000000	 0.036704	 0.042500	 0.039125	 0.967500	 0.037500	 0.025380	 0.037500	 0.026924	 0.962500	 0.037500	 
264.000000	 0.038375	 0.042500	 0.039521	 0.967500	 0.037500	 0.025456	 0.037500	 0.026996	 0.962500	 0.037500	 
265.000000	 0.039327	 0.037500	 0.039002	 0.967500	 0.035000	 0.025539	 0.037500	 0.027064	 0.962500	 0.037500	 
266.000000	 0.038169	 0.032500	 0.037655	 0.967500	 0.032500	 0.025613	 0.037500	 0.027123	 0.962500	 0.037500	 
267.000000	 0.035081	 0.032500	 0.035142	 0.967500	 0.032500	 0.025668	 0.037500	 0.027169	 0.962500	 0.037500	 
268.000000	 0.036295	 0.042500	 0.031973	 0.967500	 0.037500	 0.025729	 0.037500	 0.027196	 0.962500	 0.037500	 
269.000000	 0.040951	 0.037500	 0.029431	 0.962500	 0.037500	 0.025819	 0.037500	 0.027210	 0.962500	 0.037500	 
270.000000	 0.044572	 0.032500	 0.026414	 0.962500	 0.035000	 0.025926	 0.037500	 0.027205	 0.962500	 0.037500	 
271.000000	 0.044252	 0.032500	 0.022639	 0.962500	 0.035000	 0.026025	 0.037500	 0.027178	 0.962500	 0.037500	 
272.000000	 0.039319	 0.032500	 0.021143	 0.952500	 0.040000	 0.026094	 0.037500	 0.027140	 0.962500	 0.037500	 
273.000000	 0.032095	 0.032500	 0.023715	 0.917500	 0.057500	 0.026123	 0.037500	 0.027109	 0.962500	 0.037500	 
274.000000	 0.026060	 0.037500	 0.028183	 0.947500	 0.045000	 0.026123	 0.037500	 0.027105	 0.962500	 0.037500	 
275.000000	 0.025291	 0.047500	 0.033693	 0.957500	 0.045000	 0.026113	 0.037500	 0.027139	 0.962500	 0.037500	 
276.000000	 0.026217	 0.062500	 0.036058	 0.962500	 0.050000	 0.026106	 0.037500	 0.027189	 0.962500	 0.037500	 
277.000000	 0.029502	 0.047500	 0.034430	 0.962500	 0.042500	 0.026118	 0.037500	 0.027230	 0.962500	 0.037500	 
278.000000	 0.034448	 0.042500	 0.032824	 0.957500	 0.042500	 0.026163	 0.037500	 0.027259	 0.962500	 0.037500	 
279.000000	 0.038851	 0.037500	 0.032344	 0.957500	 0.040000	 0.026233	 0.037500	 0.027284	 0.962500	 0.037500	 
280.000000	 0.041811	 0.037500	 0.033369	 0.957500	 0.040000	 0.026319	 0.037500	 0.027315	 0.962500	 0.037500	 
281.000000	 0.043479	 0.032500	 0.035769	 0.962500	 0.035000	 0.026412	 0.037500	 0.027362	 0.962500	 0.037500	 
282.000000	 0.043174	 0.032500	 0.034878	 0.967500	 0.032500	 0.026500	 0.037500	 0.027399	 0.962500	 0.037500	 
283.000000	 0.039790	 0.032500	 0.033187	 0.962500	 0.035000	 0.026569	 0.037500	 0.027431	 0.962500	 0.037500	 
284.000000	 0.036188	 0.032500	 0.036132	 0.962500	 0.035000	 0.026620	 0.037500	 0.027478	 0.962500	 0.037500	 
285.000000	 0.033189	 0.037500	 0.037747	 0.962500	 0.037500	 0.026655	 0.037500	 0.027533	 0.962500	 0.037500	 
286.000000	 0.028925	 0.037500	 0.037926	 0.967500	 0.035000	 0.026668	 0.037500	 0.027587	 0.962500	 0.037500	 
287.000000	 0.023314	 0.037500	 0.035964	 0.967500	 0.035000	 0.026650	 0.037500	 0.027629	 0.962500	 0.037500	 
288.000000	 0.022836	 0.102500	 0.032002	 0.967500	 0.067500	 0.026613	 0.037500	 0.027650	 0.962500	 0.037500	 
289.000000	 0.024795	 0.077500	 0.028285	 0.962500	 0.057500	 0.026584	 0.037500	 0.027653	 0.962500	 0.037500	 
290.000000	 0.028085	 0.052500	 0.028227	 0.922500	 0.065000	 0.026582	 0.037500	 0.027648	 0.962500	 0.037500	 
291.000000	 0.030535	 0.042500	 0.033020	 0.947500	 0.047500	 0.026599	 0.037500	 0.027664	 0.962500	 0.037500	 
292.000000	 0.030460	 0.042500	 0.036963	 0.957500	 0.042500	 0.026617	 0.037500	 0.027711	 0.962500	 0.037500	 
293.000000	 0.031161	 0.052500	 0.039228	 0.962500	 0.045000	 0.026633	 0.037500	 0.027771	 0.962500	 0.037500	 
294.000000	 0.033811	 0.052500	 0.039748	 0.967500	 0.042500	 0.026662	 0.037500	 0.027832	 0.962500	 0.037500	 
295.000000	 0.036962	 0.042500	 0.039843	 0.962500	 0.040000	 0.026711	 0.037500	 0.027893	 0.962500	 0.037500	 
296.000000	 0.040963	 0.042500	 0.040815	 0.962500	 0.040000	 0.026783	 0.037500	 0.027958	 0.962500	 0.037500	 
297.000000	 0.043978	 0.037500	 0.042104	 0.962500	 0.037500	 0.026869	 0.037500	 0.028030	 0.962500	 0.037500	 
298.000000	 0.043273	 0.032500	 0.041855	 0.967500	 0.032500	 0.026951	 0.037500	 0.028096	 0.962500	 0.037500	 
299.000000	 0.039763	 0.032500	 0.039060	 0.967500	 0.032500	 0.027010	 0.037500	 0.028148	 0.962500	 0.037500	 
300.000000	 0.035700	 0.032500	 0.036395	 0.967500	 0.032500	 0.027051	 0.037500	 0.028187	 0.962500	 0.037500	 
301.000000	 0.034935	 0.037500	 0.033592	 0.967500	 0.035000	 0.027090	 0.037500	 0.028212	 0.962500	 0.037500	 
302.000000	 0.035026	 0.037500	 0.029772	 0.967500	 0.035000	 0.027129	 0.037500	 0.028216	 0.962500	 0.037500	 
303.000000	 0.033351	 0.032500	 0.024623	 0.967500	 0.032500	 0.027157	 0.037500	 0.028197	 0.962500	 0.037500	 
304.000000	 0.029558	 0.032500	 0.022149	 0.897500	 0.067500	 0.027165	 0.037500	 0.028158	 0.962500	 0.037500	 
305.000000	 0.025224	 0.037500	 0.024498	 0.922500	 0.057500	 0.027155	 0.037500	 0.028119	 0.962500	 0.037500	 
306.000000	 0.024105	 0.097500	 0.028391	 0.947500	 0.075000	 0.027138	 0.037500	 0.028111	 0.962500	 0.037500	 
307.000000	 0.028240	 0.072500	 0.031837	 0.957500	 0.057500	 0.027127	 0.037500	 0.028129	 0.962500	 0.037500	 
308.000000	 0.032673	 0.047500	 0.031464	 0.962500	 0.042500	 0.027147	 0.037500	 0.028145	 0.962500	 0.037500	 
309.000000	 0.036573	 0.037500	 0.028021	 0.962500	 0.037500	 0.027192	 0.037500	 0.028144	 0.962500	 0.037500	 
310.000000	 0.038592	 0.037500	 0.029800	 0.927500	 0.055000	 0.027246	 0.037500	 0.028138	 0.962500	 0.037500	 
311.000000	 0.039765	 0.037500	 0.033565	 0.947500	 0.045000	 0.027305	 0.037500	 0.028155	 0.962500	 0.037500	 
312.000000	 0.041324	 0.037500	 0.037966	 0.957500	 0.040000	 0.027371	 0.037500	 0.028200	 0.962500	 0.037500	 
313.000000	 0.042665	 0.037500	 0.042281	 0.962500	 0.037500	 0.027442	 0.037500	 0.028265	 0.962500	 0.037500	 
314.000000	 0.041891	 0.032500	 0.046388	 0.962500	 0.035000	 0.027509	 0.037500	 0.028350	 0.962500	 0.037500	 
315.000000	 0.040399	 0.032500	 0.047073	 0.962500	 0.035000	 0.027567	 0.037500	 0.028436	 0.962500	 0.037500	 
316.000000	 0.038762	 0.032500	 0.043929	 0.967500	 0.032500	 0.027616	 0.037500	 0.028505	 0.962500	 0.037500	 
317.000000	 0.035891	 0.032500	 0.040590	 0.967500	 0.032500	 0.027651	 0.037500	 0.028559	 0.962500	 0.037500	 
318.000000	 0.030638	 0.032500	 0.038164	 0.967500	 0.032500	 0.027662	 0.037500	 0.028601	 0.962500	 0.037500	 
319.000000	 0.024942	 0.037500	 0.034869	 0.967500	 0.035000	 0.027650	 0.037500	 0.028628	 0.962500	 0.037500	 
320.000000	 0.025764	 0.087500	 0.030081	 0.967500	 0.060000	 0.027625	 0.037500	 0.028633	 0.962500	 0.037500	 
321.000000	 0.026758	 0.067500	 0.025930	 0.962500	 0.052500	 0.027606	 0.037500	 0.028620	 0.962500	 0.037500	 
322.000000	 0.027410	 0.047500	 0.024132	 0.907500	 0.070000	 0.027600	 0.037500	 0.028598	 0.962500	 0.037500	 
323.000000	 0.026654	 0.042500	 0.027689	 0.927500	 0.057500	 0.027593	 0.037500	 0.028579	 0.962500	 0.037500	 
324.000000	 0.024552	 0.042500	 0.031058	 0.947500	 0.047500	 0.027577	 0.037500	 0.028582	 0.962500	 0.037500	 
325.000000	 0.025071	 0.087500	 0.034550	 0.957500	 0.065000	 0.027554	 0.037500	 0.028606	 0.962500	 0.037500	 
326.000000	 0.028484	 0.067500	 0.037214	 0.957500	 0.055000	 0.027537	 0.037500	 0.028642	 0.962500	 0.037500	 
327.000000	 0.032762	 0.047500	 0.039581	 0.957500	 0.045000	 0.027553	 0.037500	 0.028689	 0.962500	 0.037500	 
328.000000	 0.037769	 0.042500	 0.042064	 0.957500	 0.042500	 0.027597	 0.037500	 0.028747	 0.962500	 0.037500	 
329.000000	 0.041982	 0.037500	 0.043890	 0.962500	 0.037500	 0.027659	 0.037500	 0.028813	 0.962500	 0.037500	 
330.000000	 0.044580	 0.037500	 0.043703	 0.967500	 0.035000	 0.027733	 0.037500	 0.028877	 0.962500	 0.037500	 
331.000000	 0.045637	 0.037500	 0.042379	 0.967500	 0.035000	 0.027810	 0.037500	 0.028932	 0.962500	 0.037500	 
332.000000	 0.045352	 0.032500	 0.039262	 0.967500	 0.032500	 0.027884	 0.037500	 0.028970	 0.962500	 0.037500	 
333.000000	 0.043815	 0.032500	 0.034033	 0.967500	 0.032500	 0.027950	 0.037500	 0.028985	 0.962500	 0.037500	 
334.000000	 0.040691	 0.032500	 0.027912	 0.967500	 0.032500	 0.027999	 0.037500	 0.028977	 0.962500	 0.037500	 
335.000000	 0.035990	 0.032500	 0.022437	 0.962500	 0.035000	 0.028029	 0.037500	 0.028949	 0.962500	 0.037500	 
336.000000	 0.030062	 0.032500	 0.021420	 0.897500	 0.067500	 0.028035	 0.037500	 0.028909	 0.962500	 0.037500	 
337.000000	 0.024846	 0.037500	 0.021780	 0.907500	 0.065000	 0.028022	 0.037500	 0.028865	 0.962500	 0.037500	 
338.000000	 0.023453	 0.047500	 0.021960	 0.922500	 0.062500	 0.028000	 0.037500	 0.028828	 0.962500	 0.037500	 
339.000000	 0.026609	 0.062500	 0.022638	 0.947500	 0.057500	 0.027986	 0.037500	 0.028797	 0.962500	 0.037500	 
340.000000	 0.031338	 0.042500	 0.024511	 0.912500	 0.065000	 0.027997	 0.037500	 0.028772	 0.962500	 0.037500	 
341.000000	 0.035987	 0.037500	 0.028163	 0.932500	 0.052500	 0.028030	 0.037500	 0.028759	 0.962500	 0.037500	 
342.000000	 0.039522	 0.037500	 0.032661	 0.947500	 0.045000	 0.028078	 0.037500	 0.028769	 0.962500	 0.037500	 
343.000000	 0.041193	 0.037500	 0.036991	 0.957500	 0.040000	 0.028131	 0.037500	 0.028799	 0.962500	 0.037500	 
344.000000	 0.041750	 0.037500	 0.040307	 0.962500	 0.037500	 0.028187	 0.037500	 0.028846	 0.962500	 0.037500	 
345.000000	 0.043166	 0.037500	 0.042922	 0.962500	 0.037500	 0.028248	 0.037500	 0.028904	 0.962500	 0.037500	 
346.000000	 0.044550	 0.037500	 0.044294	 0.967500	 0.035000	 0.028314	 0.037500	 0.028964	 0.962500	 0.037500	 
347.000000	 0.044080	 0.037500	 0.043309	 0.967500	 0.035000	 0.028378	 0.037500	 0.029018	 0.962500	 0.037500	 
348.000000	 0.042309	 0.032500	 0.041738	 0.967500	 0.032500	 0.028431	 0.037500	 0.029066	 0.962500	 0.037500	 
349.000000	 0.039167	 0.032500	 0.040240	 0.967500	 0.032500	 0.028468	 0.037500	 0.029107	 0.962500	 0.037500	 
350.000000	 0.033964	 0.032500	 0.037970	 0.967500	 0.032500	 0.028485	 0.037500	 0.029139	 0.962500	 0.037500	 
351.000000	 0.027153	 0.032500	 0.034287	 0.967500	 0.032500	 0.028477	 0.037500	 0.029157	 0.962500	 0.037500	 
352.000000	 0.021236	 0.037500	 0.029483	 0.962500	 0.037500	 0.028449	 0.037500	 0.029159	 0.962500	 0.037500	 
353.000000	 0.021450	 0.097500	 0.026284	 0.912500	 0.092500	 0.028407	 0.037500	 0.029146	 0.962500	 0.037500	 
354.000000	 0.022769	 0.092500	 0.029687	 0.932500	 0.080000	 0.028366	 0.037500	 0.029134	 0.962500	 0.037500	 
355.000000	 0.024730	 0.087500	 0.033198	 0.952500	 0.067500	 0.028335	 0.037500	 0.029146	 0.962500	 0.037500	 
356.000000	 0.027314	 0.067500	 0.036576	 0.962500	 0.052500	 0.028322	 0.037500	 0.029175	 0.962500	 0.037500	 
357.000000	 0.030621	 0.052500	 0.038000	 0.962500	 0.045000	 0.028327	 0.037500	 0.029209	 0.962500	 0.037500	 
358.000000	 0.033775	 0.052500	 0.038223	 0.962500	 0.045000	 0.028343	 0.037500	 0.029244	 0.962500	 0.037500	 
359.000000	 0.037584	 0.052500	 0.038280	 0.962500	 0.045000	 0.028371	 0.037500	 0.029279	 0.962500	 0.037500	 
360.000000	 0.040326	 0.042500	 0.038825	 0.967500	 0.037500	 0.028414	 0.037500	 0.029315	 0.962500	 0.037500	 
361.000000	 0.041548	 0.037500	 0.039534	 0.967500	 0.035000	 0.028464	 0.037500	 0.029353	 0.962500	 0.037500	 
362.000000	 0.041685	 0.032500	 0.040901	 0.967500	 0.032500	 0.028514	 0.037500	 0.029396	 0.962500	 0.037500	 
363.000000	 0.042127	 0.032500	 0.042782	 0.962500	 0.035000	 0.028563	 0.037500	 0.029447	 0.962500	 0.037500	 
364.000000	 0.042526	 0.032500	 0.044548	 0.967500	 0.032500	 0.028613	 0.037500	 0.029503	 0.962500	 0.037500	 
365.000000	 0.041524	 0.032500	 0.043534	 0.967500	 0.032500	 0.028658	 0.037500	 0.029553	 0.962500	 0.037500	 
366.000000	 0.038466	 0.032500	 0.038636	 0.967500	 0.032500	 0.028689	 0.037500	 0.029582	 0.962500	 0.037500	 
367.000000	 0.033355	 0.032500	 0.031613	 0.967500	 0.032500	 0.028701	 0.037500	 0.029586	 0.962500	 0.037500	 
368.000000	 0.027445	 0.032500	 0.024293	 0.967500	 0.032500	 0.028694	 0.037500	 0.029566	 0.962500	 0.037500	 
369.000000	 0.023621	 0.037500	 0.022354	 0.892500	 0.072500	 0.028675	 0.037500	 0.029526	 0.962500	 0.037500	 
370.000000	 0.026759	 0.072500	 0.023115	 0.902500	 0.085000	 0.028656	 0.037500	 0.029478	 0.962500	 0.037500	 
371.000000	 0.030063	 0.047500	 0.023391	 0.917500	 0.065000	 0.028657	 0.037500	 0.029436	 0.962500	 0.037500	 
372.000000	 0.033946	 0.037500	 0.024661	 0.932500	 0.052500	 0.028677	 0.037500	 0.029407	 0.962500	 0.037500	 
373.000000	 0.036950	 0.037500	 0.026685	 0.942500	 0.047500	 0.028707	 0.037500	 0.029389	 0.962500	 0.037500	 
374.000000	 0.038793	 0.037500	 0.029118	 0.942500	 0.047500	 0.028743	 0.037500	 0.029381	 0.962500	 0.037500	 
375.000000	 0.039844	 0.037500	 0.033652	 0.942500	 0.047500	 0.028784	 0.037500	 0.029387	 0.962500	 0.037500	 
376.000000	 0.040701	 0.037500	 0.039167	 0.952500	 0.042500	 0.028827	 0.037500	 0.029418	 0.962500	 0.037500	 
377.000000	 0.041477	 0.037500	 0.043115	 0.962500	 0.037500	 0.028872	 0.037500	 0.029467	 0.962500	 0.037500	 
378.000000	 0.042435	 0.032500	 0.044620	 0.962500	 0.035000	 0.028919	 0.037500	 0.029521	 0.962500	 0.037500	 
379.000000	 0.042749	 0.032500	 0.044916	 0.967500	 0.032500	 0.028966	 0.037500	 0.029574	 0.962500	 0.037500	 
380.000000	 0.041706	 0.032500	 0.044695	 0.967500	 0.032500	 0.029007	 0.037500	 0.029626	 0.962500	 0.037500	 
381.000000	 0.039297	 0.032500	 0.043002	 0.967500	 0.032500	 0.029040	 0.037500	 0.029670	 0.962500	 0.037500	 
382.000000	 0.035495	 0.032500	 0.039647	 0.967500	 0.032500	 0.029058	 0.037500	 0.029701	 0.962500	 0.037500	 
383.000000	 0.030190	 0.032500	 0.034727	 0.967500	 0.032500	 0.029060	 0.037500	 0.029714	 0.962500	 0.037500	 
384.000000	 0.024254	 0.032500	 0.028959	 0.967500	 0.032500	 0.029043	 0.037500	 0.029710	 0.962500	 0.037500	 
385.000000	 0.022860	 0.102500	 0.024024	 0.962500	 0.070000	 0.029012	 0.037500	 0.029690	 0.962500	 0.037500	 
386.000000	 0.024613	 0.077500	 0.026276	 0.917500	 0.080000	 0.028981	 0.037500	 0.029663	 0.962500	 0.037500	 
387.000000	 0.026431	 0.057500	 0.028094	 0.937500	 0.060000	 0.028964	 0.037500	 0.029647	 0.962500	 0.037500	 
388.000000	 0.028501	 0.047500	 0.030463	 0.952500	 0.047500	 0.028959	 0.037500	 0.029647	 0.962500	 0.037500	 
389.000000	 0.029450	 0.047500	 0.032723	 0.952500	 0.047500	 0.028957	 0.037500	 0.029655	 0.962500	 0.037500	 
390.000000	 0.030707	 0.057500	 0.035283	 0.952500	 0.052500	 0.028957	 0.037500	 0.029671	 0.962500	 0.037500	 
391.000000	 0.033702	 0.057500	 0.038528	 0.957500	 0.050000	 0.028963	 0.037500	 0.029699	 0.962500	 0.037500	 
392.000000	 0.037139	 0.047500	 0.041676	 0.962500	 0.042500	 0.028986	 0.037500	 0.029740	 0.962500	 0.037500	 
393.000000	 0.040385	 0.042500	 0.044278	 0.967500	 0.037500	 0.029024	 0.037500	 0.029789	 0.962500	 0.037500	 
394.000000	 0.042356	 0.037500	 0.044732	 0.967500	 0.035000	 0.029069	 0.037500	 0.029837	 0.962500	 0.037500	 
395.000000	 0.043067	 0.032500	 0.043163	 0.967500	 0.032500	 0.029115	 0.037500	 0.029879	 0.962500	 0.037500	 
396.000000	 0.043141	 0.032500	 0.042110	 0.967500	 0.032500	 0.029160	 0.037500	 0.029918	 0.962500	 0.037500	 
397.000000	 0.042370	 0.032500	 0.040981	 0.967500	 0.032500	 0.029202	 0.037500	 0.029952	 0.962500	 0.037500	 
398.000000	 0.040352	 0.032500	 0.038441	 0.967500	 0.032500	 0.029236	 0.037500	 0.029976	 0.962500	 0.037500	 
399.000000	 0.036708	 0.032500	 0.033484	 0.967500	 0.032500	 0.029256	 0.037500	 0.029983	 0.962500	 0.037500	 
400.000000	 0.031190	 0.032500	 0.026906	 0.967500	 0.032500	 0.029259	 0.037500	 0.029970	 0.962500	 0.037500	 
