# Averaged between times 100.000000 and 400.000000 with spacing 1.000000
# z		 var(ux)		 var(uz)		 var(mag(u))
0.002500	211.766083	3.093857	211.788837
0.007500	542.574405	13.496066	542.743223
0.012500	791.953071	30.858907	792.557146
0.017500	974.850172	52.626036	976.276121
0.022500	1107.241746	77.044478	1109.930218
0.027500	1203.169429	102.971185	1207.585028
0.032500	1273.495289	129.677860	1280.105646
0.037500	1325.964056	156.702542	1335.225896
0.042500	1365.834411	183.750805	1378.185457
0.047500	1396.593376	210.633802	1412.448742
0.052500	1420.545662	237.230105	1440.297230
0.057500	1439.234305	263.462066	1463.251739
0.062500	1453.717271	289.280942	1482.349775
0.067500	1464.740912	314.657336	1498.319200
0.072500	1472.846257	339.574914	1511.684544
0.077500	1478.434491	364.026178	1522.832440
0.082500	1481.809110	388.009567	1532.053735
0.087500	1483.205090	411.527463	1539.572578
0.092500	1482.810175	434.584825	1545.567560
0.097500	1480.780302	457.188267	1550.186941
0.102500	1477.250115	479.345453	1553.558951
0.107500	1472.339547	501.064705	1555.798184
0.112500	1466.157590	522.354765	1557.009218
0.117500	1458.804298	543.224663	1557.288514
0.122500	1450.371883	563.683672	1556.725427
0.127500	1440.945551	583.741308	1555.402956
0.132500	1430.604426	603.407376	1553.398559
0.137500	1419.422549	622.692004	1550.785035
0.142500	1407.469694	641.605684	1547.631237
0.147500	1394.811737	660.159268	1544.002374
0.152500	1381.510522	678.363962	1539.959902
0.157500	1367.623507	696.231289	1535.561241
0.162500	1353.203540	713.773040	1530.859659
0.167500	1338.299047	731.001208	1525.904527
0.172500	1322.954628	747.927910	1520.741927
0.177500	1307.211767	764.565298	1515.415289
0.182500	1291.109242	780.925447	1509.965722
0.187500	1274.683032	797.020228	1504.431844
0.192500	1257.965768	812.861162	1498.849227
0.197500	1240.986088	828.459261	1493.249750
0.202500	1223.768264	843.824877	1487.661221
0.207500	1206.332358	858.967560	1482.107458
0.212500	1188.694896	873.895936	1476.608790
0.217500	1170.869827	888.617617	1471.182795
0.222500	1152.869519	903.139128	1465.845049
0.227500	1134.705621	917.465868	1460.609754
0.232500	1116.389701	931.602099	1455.490189
0.237500	1097.933657	945.550952	1450.498973
0.242500	1079.349889	959.314465	1445.648144
0.247500	1060.651265	972.893633	1440.949057
0.252500	1041.850903	986.288458	1436.412148
0.257500	1022.961854	999.498017	1432.046628
0.262500	1003.996765	1012.520529	1427.860188
0.267500	984.967568	1025.353431	1423.858752
0.272500	965.885216	1037.993464	1420.046313
0.277500	946.759477	1050.436780	1416.424837
0.282500	927.598804	1062.679048	1412.994260
0.287500	908.410349	1074.715576	1409.752612
0.292500	889.200120	1086.541424	1406.696255
0.297500	869.973273	1098.151506	1403.820243
0.302500	850.734507	1109.540695	1401.118732
0.307500	831.488461	1120.703895	1398.585392
0.312500	812.240050	1131.636109	1396.213755
0.317500	792.994665	1142.332484	1393.997433
0.322500	773.758202	1152.788348	1391.930213
0.327500	754.536925	1162.999229	1390.006003
0.332500	735.337242	1172.960862	1388.218706
0.337500	716.165446	1182.669200	1386.562052
0.342500	697.027545	1192.120408	1385.029474
0.347500	677.929232	1201.310863	1383.614063
0.352500	658.875984	1210.237146	1382.308605
0.357500	639.873285	1218.896033	1381.105674
0.362500	620.926891	1227.284485	1379.997753
0.367500	602.043113	1235.399634	1378.977352
0.372500	583.229146	1243.238771	1378.037133
0.377500	564.493488	1250.799339	1377.170098
0.382500	545.846492	1258.078920	1376.369838
0.387500	527.301021	1265.075238	1375.630826
0.392500	508.873141	1271.786160	1374.948686
0.397500	490.582712	1278.209701	1374.320325
0.402500	472.453802	1284.344028	1373.743869
0.407500	454.514902	1290.187463	1373.218400
0.412500	436.798989	1295.738486	1372.743575
0.417500	419.343556	1300.995721	1372.319211
0.422500	402.190697	1305.957936	1371.944951
0.427500	385.387335	1310.624029	1371.620043
0.432500	368.985668	1314.993020	1371.343248
0.437500	353.043905	1319.064039	1371.112850
0.442500	337.627371	1322.836322	1370.926731
0.447500	322.810009	1326.309201	1370.782473
0.452500	308.676206	1329.482099	1370.677471
0.457500	295.322822	1332.354523	1370.609013
0.462500	282.861151	1334.926054	1370.574334
0.467500	271.418474	1337.196342	1370.570637
0.472500	261.138559	1339.165095	1370.595107
0.477500	252.180101	1340.832067	1370.644938
0.482500	244.711597	1342.197052	1370.717391
0.487500	238.901074	1343.259871	1370.809862
0.492500	234.900450	1344.020364	1370.919980
0.497500	232.827651	1344.478398	1371.045700
0.502500	232.752002	1344.633857	1371.185397
0.507500	234.685093	1344.486656	1371.337942
0.512500	238.575761	1344.036738	1371.502727
0.517500	244.311493	1343.284087	1371.679644
0.522500	251.731589	1342.228722	1371.869014
0.527500	260.650244	1340.870705	1372.071467
0.532500	270.879400	1339.210140	1372.287818
0.537500	282.243481	1337.247174	1372.518969
0.542500	294.585783	1334.981993	1372.765862
0.547500	307.769904	1332.414823	1373.029493
0.552500	321.679000	1329.545922	1373.310955
0.557500	336.214102	1326.375584	1373.611453
0.562500	351.291933	1322.904140	1373.932259
0.567500	366.842550	1319.131966	1374.274620
0.572500	382.807115	1315.059500	1374.639700
0.577500	399.136061	1310.687255	1375.028655
0.582500	415.787719	1306.015836	1375.442934
0.587500	432.727328	1301.045958	1375.884736
0.592500	449.926222	1295.778447	1376.357507
0.597500	467.361027	1290.214249	1376.866241
0.602500	485.012771	1284.354425	1377.417492
0.607500	502.865913	1278.200147	1378.019087
0.612500	520.907356	1271.752695	1378.679639
0.617500	539.125528	1265.013460	1379.408032
0.622500	557.509657	1257.983948	1380.212980
0.627500	576.049289	1250.665792	1381.102774
0.632500	594.734093	1243.060772	1382.085206
0.637500	613.553871	1235.170835	1383.167646
0.642500	632.498680	1226.998119	1384.357193
0.647500	651.558973	1218.544975	1385.660842
0.652500	670.725699	1209.813988	1387.085607
0.657500	689.990334	1200.807993	1388.638596
0.662500	709.344845	1191.530086	1390.327027
0.667500	728.781586	1181.983636	1392.158184
0.672500	748.293123	1172.172288	1394.139321
0.677500	767.872016	1162.099966	1396.277528
0.682500	787.510578	1151.770875	1398.579556
0.687500	807.200656	1141.189487	1401.051641
0.692500	826.933471	1130.360531	1403.699341
0.697500	846.699527	1119.288962	1406.527396
0.702500	866.488610	1107.979925	1409.539631
0.707500	886.289831	1096.438703	1412.738888
0.712500	906.091693	1084.670649	1416.126958
0.717500	925.882131	1072.681113	1419.704510
0.722500	945.648497	1060.475357	1423.470978
0.727500	965.377458	1048.058464	1427.424391
0.732500	985.054817	1035.435243	1431.561135
0.737500	1004.665256	1022.610138	1435.875648
0.742500	1024.192008	1009.587132	1440.360050
0.747500	1043.616513	996.369663	1445.003758
0.752500	1062.918166	982.960543	1449.793173
0.757500	1082.074302	969.361876	1454.711587
0.762500	1101.060595	955.574985	1459.739479
0.767500	1119.851977	941.600330	1464.855288
0.772500	1138.424064	927.437430	1470.036686
0.777500	1156.754911	913.084771	1475.262182
0.782500	1174.826784	898.539712	1480.512805
0.787500	1192.627574	883.798394	1485.773506
0.792500	1210.151509	868.855654	1491.033965
0.797500	1227.398938	853.704971	1496.288587
0.802500	1244.375147	838.338447	1501.535642
0.807500	1261.088385	822.746840	1506.775675
0.812500	1277.547371	806.919643	1512.009466
0.817500	1293.758688	790.845214	1517.235876
0.822500	1309.724399	774.510940	1522.449888
0.827500	1325.440155	757.903428	1527.641082
0.832500	1340.893889	741.008705	1532.792581
0.837500	1356.064972	723.812424	1537.880355
0.842500	1370.923624	706.300066	1542.872670
0.847500	1385.430344	688.457130	1547.729464
0.852500	1399.535238	670.269312	1552.401569
0.857500	1413.177299	651.722673	1556.829849
0.862500	1426.283856	632.803774	1560.944477
0.867500	1438.770447	613.499770	1564.664620
0.872500	1450.541343	593.798459	1567.898743
0.877500	1461.490772	573.688255	1570.545621
0.882500	1471.504720	553.158097	1572.495934
0.887500	1480.462935	532.197295	1573.634120
0.892500	1488.240572	510.795346	1573.839968
0.897500	1494.708950	488.941766	1572.989393
0.902500	1499.734960	466.626004	1570.953968
0.907500	1503.178835	443.837484	1567.598888
0.912500	1504.889976	420.565837	1562.779063
0.917500	1504.700387	396.801358	1556.332855
0.922500	1502.414932	372.535735	1548.072691
0.927500	1497.797084	347.763137	1537.771202
0.932500	1490.548001	322.481766	1525.140701
0.937500	1480.275372	296.696071	1509.802405
0.942500	1466.446371	270.419916	1491.239716
0.947500	1448.315551	243.681144	1468.726285
0.952500	1424.812224	216.528227	1441.213332
0.957500	1394.362035	189.040130	1407.150782
0.962500	1354.605671	161.341423	1364.204939
0.967500	1301.970367	133.626201	1308.828023
0.972500	1231.062737	106.197032	1235.647802
0.977500	1133.917600	79.528993	1136.711782
0.982500	999.309987	54.373049	1000.793257
0.987500	812.650184	31.912511	813.279014
0.992500	557.285685	13.968980	557.461537
0.997500	217.684780	3.204754	217.708497
