# Buoyancy boundary layer depth time series
# <\delta_b(t)> averaged between 250.000000 and 300.000000 with sampling frequency 0.500000
# time		 max(var(b)) in [0, H/2]	 z(max(var(b))in [0, H/2])	  max(var(b))in [H/2, H]	 z(max(var(b))in [H/2, H])	 \delta_b[inst.]	  max(<var(b)>)in [0, H/2]	 z(max(<var(b)>)in [0, H/2])	  max(<var(b)>)in [H/2, H]	 z(max(<var(b)>)in [H/2, H])	 \delta_b[av.]	 
250.000000	 0.018683	 0.011875	 0.019062	 0.990625	 0.010625	 0.018683	 0.011875	 0.019062	 0.990625	 0.010625	 
250.500000	 0.018689	 0.011875	 0.020131	 0.990625	 0.010625	 0.018686	 0.011875	 0.019596	 0.990625	 0.010625	 
251.000000	 0.018574	 0.011875	 0.020558	 0.991875	 0.010000	 0.018649	 0.011875	 0.019852	 0.990625	 0.010625	 
251.500000	 0.017654	 0.011875	 0.019739	 0.991875	 0.010000	 0.018400	 0.011875	 0.019813	 0.991875	 0.010000	 
252.000000	 0.016452	 0.011875	 0.018783	 0.991875	 0.010000	 0.018010	 0.011875	 0.019607	 0.991875	 0.010000	 
252.500000	 0.015725	 0.011875	 0.017353	 0.990625	 0.010625	 0.017629	 0.011875	 0.019204	 0.991875	 0.010000	 
253.000000	 0.015116	 0.011875	 0.017423	 0.990625	 0.010625	 0.017270	 0.011875	 0.018904	 0.991875	 0.010000	 
253.500000	 0.014751	 0.010625	 0.018614	 0.989375	 0.010625	 0.016936	 0.011875	 0.018859	 0.990625	 0.010625	 
254.000000	 0.014777	 0.010625	 0.021423	 0.990625	 0.010000	 0.016658	 0.011875	 0.019144	 0.990625	 0.010625	 
254.500000	 0.015124	 0.009375	 0.021968	 0.991875	 0.008750	 0.016463	 0.010625	 0.019413	 0.990625	 0.010000	 
255.000000	 0.015740	 0.009375	 0.020894	 0.990625	 0.009375	 0.016387	 0.010625	 0.019547	 0.990625	 0.010000	 
255.500000	 0.017318	 0.010625	 0.020954	 0.990625	 0.010000	 0.016465	 0.010625	 0.019664	 0.990625	 0.010000	 
256.000000	 0.019957	 0.009375	 0.019503	 0.991875	 0.008750	 0.016728	 0.010625	 0.019645	 0.990625	 0.010000	 
256.500000	 0.021502	 0.009375	 0.017504	 0.990625	 0.009375	 0.017008	 0.010625	 0.019492	 0.990625	 0.010000	 
257.000000	 0.021909	 0.008125	 0.017148	 0.990625	 0.008750	 0.017190	 0.010625	 0.019336	 0.990625	 0.010000	 
257.500000	 0.020254	 0.008125	 0.017396	 0.990625	 0.008750	 0.017216	 0.010625	 0.019214	 0.990625	 0.010000	 
258.000000	 0.017882	 0.008125	 0.015417	 0.990625	 0.008750	 0.017171	 0.010625	 0.018991	 0.990625	 0.010000	 
258.500000	 0.018094	 0.008125	 0.014092	 0.990625	 0.008750	 0.017190	 0.009375	 0.018719	 0.990625	 0.009375	 
259.000000	 0.020363	 0.008125	 0.014530	 0.991875	 0.008125	 0.017333	 0.009375	 0.018497	 0.990625	 0.009375	 
259.500000	 0.022733	 0.008125	 0.014358	 0.990625	 0.008750	 0.017572	 0.009375	 0.018290	 0.990625	 0.009375	 
260.000000	 0.023819	 0.008125	 0.014019	 0.989375	 0.009375	 0.017840	 0.009375	 0.018086	 0.990625	 0.009375	 
260.500000	 0.024452	 0.008125	 0.012947	 0.989375	 0.009375	 0.018119	 0.009375	 0.017846	 0.990625	 0.009375	 
261.000000	 0.024000	 0.008125	 0.012084	 0.988125	 0.010000	 0.018356	 0.009375	 0.017580	 0.990625	 0.009375	 
261.500000	 0.021179	 0.008125	 0.011286	 0.988125	 0.010000	 0.018446	 0.009375	 0.017298	 0.990625	 0.009375	 
262.000000	 0.020930	 0.006875	 0.010127	 0.988125	 0.009375	 0.018516	 0.009375	 0.017003	 0.990625	 0.009375	 
262.500000	 0.021327	 0.006875	 0.009317	 0.989375	 0.008750	 0.018596	 0.009375	 0.016704	 0.990625	 0.009375	 
263.000000	 0.021646	 0.006875	 0.008871	 0.989375	 0.008750	 0.018654	 0.009375	 0.016407	 0.990625	 0.009375	 
263.500000	 0.021428	 0.006875	 0.008972	 0.988125	 0.009375	 0.018725	 0.009375	 0.016125	 0.990625	 0.009375	 
264.000000	 0.020526	 0.008125	 0.009227	 0.986875	 0.010625	 0.018760	 0.009375	 0.015871	 0.990625	 0.009375	 
264.500000	 0.019246	 0.008125	 0.010148	 0.988125	 0.010000	 0.018765	 0.009375	 0.015665	 0.990625	 0.009375	 
265.000000	 0.018061	 0.008125	 0.011716	 0.986875	 0.010625	 0.018733	 0.009375	 0.015515	 0.990625	 0.009375	 
265.500000	 0.016369	 0.009375	 0.013251	 0.986875	 0.011250	 0.018659	 0.009375	 0.015411	 0.990625	 0.009375	 
266.000000	 0.015880	 0.009375	 0.014357	 0.986875	 0.011250	 0.018575	 0.009375	 0.015340	 0.990625	 0.009375	 
266.500000	 0.015321	 0.009375	 0.015124	 0.986875	 0.011250	 0.018479	 0.009375	 0.015300	 0.990625	 0.009375	 
267.000000	 0.015139	 0.010625	 0.016038	 0.988125	 0.011250	 0.018380	 0.009375	 0.015300	 0.990625	 0.009375	 
267.500000	 0.015094	 0.010625	 0.017253	 0.989375	 0.010625	 0.018284	 0.009375	 0.015348	 0.990625	 0.009375	 
268.000000	 0.014960	 0.010625	 0.018590	 0.990625	 0.010000	 0.018187	 0.009375	 0.015436	 0.990625	 0.009375	 
268.500000	 0.014594	 0.010625	 0.020030	 0.990625	 0.010000	 0.018085	 0.009375	 0.015557	 0.990625	 0.009375	 
269.000000	 0.013812	 0.010625	 0.020450	 0.991875	 0.009375	 0.017968	 0.009375	 0.015670	 0.990625	 0.009375	 
269.500000	 0.013090	 0.010625	 0.020406	 0.993125	 0.008750	 0.017839	 0.009375	 0.015769	 0.990625	 0.009375	 
270.000000	 0.012640	 0.010625	 0.019970	 0.993125	 0.008750	 0.017703	 0.009375	 0.015846	 0.990625	 0.009375	 
270.500000	 0.012679	 0.010625	 0.020805	 0.991875	 0.009375	 0.017576	 0.009375	 0.015960	 0.990625	 0.009375	 
271.000000	 0.012937	 0.010625	 0.023001	 0.991875	 0.009375	 0.017462	 0.009375	 0.016121	 0.990625	 0.009375	 
271.500000	 0.013413	 0.010625	 0.023088	 0.991875	 0.009375	 0.017367	 0.009375	 0.016279	 0.990625	 0.009375	 
272.000000	 0.013405	 0.010625	 0.022382	 0.990625	 0.010000	 0.017278	 0.009375	 0.016414	 0.990625	 0.009375	 
272.500000	 0.013380	 0.011875	 0.021702	 0.990625	 0.010625	 0.017179	 0.009375	 0.016529	 0.990625	 0.009375	 
273.000000	 0.013708	 0.013125	 0.020714	 0.991875	 0.010625	 0.017087	 0.009375	 0.016618	 0.990625	 0.009375	 
273.500000	 0.014467	 0.011875	 0.019368	 0.990625	 0.010625	 0.017018	 0.009375	 0.016675	 0.990625	 0.009375	 
274.000000	 0.015226	 0.011875	 0.017999	 0.990625	 0.010625	 0.016973	 0.009375	 0.016702	 0.990625	 0.009375	 
274.500000	 0.015987	 0.010625	 0.017387	 0.990625	 0.010000	 0.016949	 0.009375	 0.016716	 0.990625	 0.009375	 
275.000000	 0.017015	 0.010625	 0.016321	 0.989375	 0.010625	 0.016947	 0.009375	 0.016707	 0.990625	 0.009375	 
275.500000	 0.017873	 0.010625	 0.015626	 0.989375	 0.010625	 0.016961	 0.009375	 0.016683	 0.990625	 0.009375	 
276.000000	 0.018731	 0.011875	 0.015523	 0.989375	 0.011250	 0.016987	 0.009375	 0.016657	 0.990625	 0.009375	 
276.500000	 0.019168	 0.010625	 0.016157	 0.989375	 0.010625	 0.017020	 0.009375	 0.016641	 0.990625	 0.009375	 
277.000000	 0.019271	 0.011875	 0.016334	 0.989375	 0.011250	 0.017048	 0.009375	 0.016630	 0.990625	 0.009375	 
277.500000	 0.019604	 0.011875	 0.016581	 0.989375	 0.011250	 0.017075	 0.009375	 0.016626	 0.990625	 0.009375	 
278.000000	 0.019418	 0.013125	 0.016832	 0.989375	 0.011875	 0.017088	 0.009375	 0.016626	 0.990625	 0.009375	 
278.500000	 0.018523	 0.013125	 0.016651	 0.989375	 0.011875	 0.017078	 0.009375	 0.016622	 0.990625	 0.009375	 
279.000000	 0.017042	 0.013125	 0.015946	 0.989375	 0.011875	 0.017043	 0.009375	 0.016606	 0.990625	 0.009375	 
279.500000	 0.015118	 0.013125	 0.014942	 0.989375	 0.011875	 0.016988	 0.009375	 0.016573	 0.990625	 0.009375	 
280.000000	 0.014096	 0.011875	 0.013966	 0.988125	 0.011875	 0.016932	 0.009375	 0.016517	 0.990625	 0.009375	 
280.500000	 0.014579	 0.010625	 0.013597	 0.986875	 0.011875	 0.016889	 0.009375	 0.016451	 0.990625	 0.009375	 
281.000000	 0.015014	 0.010625	 0.013803	 0.986875	 0.011875	 0.016858	 0.009375	 0.016390	 0.990625	 0.009375	 
281.500000	 0.015036	 0.009375	 0.014172	 0.988125	 0.010625	 0.016829	 0.009375	 0.016340	 0.990625	 0.009375	 
282.000000	 0.015757	 0.009375	 0.014513	 0.988125	 0.010625	 0.016813	 0.009375	 0.016299	 0.990625	 0.009375	 
282.500000	 0.016922	 0.009375	 0.014139	 0.988125	 0.010625	 0.016814	 0.009375	 0.016257	 0.990625	 0.009375	 
283.000000	 0.017877	 0.009375	 0.013364	 0.988125	 0.010625	 0.016830	 0.009375	 0.016205	 0.990625	 0.009375	 
283.500000	 0.017988	 0.009375	 0.012720	 0.988125	 0.010625	 0.016847	 0.009375	 0.016145	 0.990625	 0.009375	 
284.000000	 0.017685	 0.010625	 0.012386	 0.988125	 0.011250	 0.016859	 0.009375	 0.016081	 0.990625	 0.009375	 
284.500000	 0.016854	 0.010625	 0.012295	 0.988125	 0.011250	 0.016856	 0.009375	 0.016018	 0.990625	 0.009375	 
285.000000	 0.015427	 0.011875	 0.012637	 0.988125	 0.011875	 0.016830	 0.009375	 0.015962	 0.990625	 0.009375	 
285.500000	 0.014112	 0.011875	 0.013507	 0.988125	 0.011875	 0.016783	 0.009375	 0.015918	 0.990625	 0.009375	 
286.000000	 0.012923	 0.013125	 0.014291	 0.988125	 0.012500	 0.016713	 0.009375	 0.015888	 0.990625	 0.009375	 
286.500000	 0.011665	 0.013125	 0.014444	 0.989375	 0.011875	 0.016630	 0.009375	 0.015865	 0.990625	 0.009375	 
287.000000	 0.011960	 0.010625	 0.014485	 0.989375	 0.010625	 0.016562	 0.009375	 0.015846	 0.990625	 0.009375	 
287.500000	 0.014201	 0.011875	 0.014946	 0.990625	 0.010625	 0.016528	 0.010625	 0.015834	 0.990625	 0.010000	 
288.000000	 0.016084	 0.011875	 0.015955	 0.990625	 0.010625	 0.016518	 0.010625	 0.015835	 0.990625	 0.010000	 
288.500000	 0.017122	 0.011875	 0.017903	 0.991875	 0.010000	 0.016521	 0.010625	 0.015860	 0.990625	 0.010000	 
289.000000	 0.017167	 0.011875	 0.019015	 0.991875	 0.010000	 0.016524	 0.010625	 0.015897	 0.990625	 0.010000	 
289.500000	 0.016891	 0.013125	 0.019273	 0.991875	 0.010625	 0.016523	 0.010625	 0.015937	 0.990625	 0.010000	 
290.000000	 0.016721	 0.013125	 0.019559	 0.990625	 0.011250	 0.016516	 0.010625	 0.015982	 0.990625	 0.010000	 
290.500000	 0.016163	 0.013125	 0.018959	 0.990625	 0.011250	 0.016503	 0.010625	 0.016018	 0.990625	 0.010000	 
291.000000	 0.016007	 0.014375	 0.017879	 0.990625	 0.011875	 0.016480	 0.010625	 0.016040	 0.990625	 0.010000	 
291.500000	 0.015671	 0.014375	 0.017798	 0.990625	 0.011875	 0.016450	 0.010625	 0.016061	 0.990625	 0.010000	 
292.000000	 0.014513	 0.014375	 0.018299	 0.990625	 0.011875	 0.016412	 0.010625	 0.016088	 0.990625	 0.010000	 
292.500000	 0.014079	 0.014375	 0.018467	 0.990625	 0.011875	 0.016369	 0.010625	 0.016115	 0.990625	 0.010000	 
293.000000	 0.014495	 0.015625	 0.018706	 0.989375	 0.013125	 0.016329	 0.010625	 0.016142	 0.990625	 0.010000	 
293.500000	 0.014816	 0.015625	 0.019108	 0.989375	 0.013125	 0.016287	 0.010625	 0.016172	 0.990625	 0.010000	 
294.000000	 0.014826	 0.016875	 0.019379	 0.989375	 0.013750	 0.016241	 0.010625	 0.016204	 0.990625	 0.010000	 
294.500000	 0.014296	 0.016875	 0.018612	 0.989375	 0.013750	 0.016193	 0.010625	 0.016226	 0.990625	 0.010000	 
295.000000	 0.013442	 0.016875	 0.017358	 0.989375	 0.013750	 0.016141	 0.010625	 0.016235	 0.990625	 0.010000	 
295.500000	 0.012252	 0.015625	 0.016050	 0.989375	 0.013125	 0.016085	 0.010625	 0.016232	 0.990625	 0.010000	 
296.000000	 0.011468	 0.014375	 0.015165	 0.990625	 0.011875	 0.016027	 0.010625	 0.016220	 0.990625	 0.010000	 
296.500000	 0.011001	 0.013125	 0.014369	 0.990625	 0.011250	 0.015968	 0.010625	 0.016201	 0.990625	 0.010000	 
297.000000	 0.011266	 0.011875	 0.013968	 0.991875	 0.010000	 0.015918	 0.010625	 0.016174	 0.990625	 0.010000	 
297.500000	 0.011467	 0.010625	 0.013457	 0.991875	 0.009375	 0.015871	 0.010625	 0.016140	 0.990625	 0.010000	 
298.000000	 0.011758	 0.010625	 0.013192	 0.991875	 0.009375	 0.015829	 0.010625	 0.016105	 0.990625	 0.010000	 
298.500000	 0.012358	 0.009375	 0.013988	 0.991875	 0.008750	 0.015793	 0.010625	 0.016082	 0.990625	 0.010000	 
299.000000	 0.012726	 0.009375	 0.014599	 0.991875	 0.008750	 0.015760	 0.010625	 0.016067	 0.990625	 0.010000	 
299.500000	 0.013044	 0.009375	 0.014648	 0.991875	 0.008750	 0.015730	 0.010625	 0.016051	 0.990625	 0.010000	 
300.000000	 0.013705	 0.009375	 0.015024	 0.991875	 0.008750	 0.015707	 0.010625	 0.016039	 0.990625	 0.010000	 
