# Velocity boundary layer depth time series
# <\delta_u(t)> averaged between 250.000000 and 300.000000 with sampling frequency 0.500000
# time		 max(Re_uxRMS)in [0, H/2]	 z(max(Re_uxRMS)in [0, H/2])	  max(Re_uxRMS)in [H/2, H]	 z(max(Re_uxRMS)in [H/2, H])	 \delta_u[inst.]	  max(<Re_uxRMS>)in [0, H/2]	 z(max(<Re_uxRMS>)in [0, H/2])	  max(<Re_uxRMS>)in [H/2, H]	 z(max(<Re_uxRMS>)in [H/2, H])	 \delta_u[av.]	 
250.000000	 13832.195873	 0.140625	 19902.568749	 0.885625	 0.127500	 13832.195873	 0.140625	 19902.568749	 0.885625	 0.127500	 
250.500000	 13648.359341	 0.124375	 19908.601116	 0.874375	 0.125000	 13702.721822	 0.128125	 19879.281710	 0.880625	 0.123750	 
251.000000	 13430.722260	 0.143125	 19367.334843	 0.880625	 0.131250	 13583.263360	 0.130625	 19708.632754	 0.880625	 0.125000	 
251.500000	 13455.288753	 0.163125	 19582.031791	 0.869375	 0.146875	 13455.332778	 0.143125	 19666.163229	 0.878125	 0.132500	 
252.000000	 13146.974746	 0.185625	 20111.810375	 0.871875	 0.156875	 13225.524534	 0.139375	 19750.436097	 0.878125	 0.130625	 
252.500000	 12737.263952	 0.110625	 20747.802568	 0.879375	 0.115625	 13108.960214	 0.135625	 19916.326615	 0.878125	 0.128750	 
253.000000	 13074.241561	 0.114375	 21441.022461	 0.876875	 0.118750	 13067.094405	 0.130625	 20133.823549	 0.878125	 0.126250	 
253.500000	 12807.634415	 0.124375	 21857.332846	 0.868125	 0.128125	 13033.410904	 0.130625	 20337.436509	 0.875625	 0.127500	 
254.000000	 12368.882450	 0.155625	 21740.891814	 0.863125	 0.146250	 12956.510675	 0.130625	 20479.027325	 0.875625	 0.127500	 
254.500000	 12351.138895	 0.061875	 21273.051507	 0.864375	 0.098750	 12874.345770	 0.128125	 20535.309422	 0.873125	 0.127500	 
255.000000	 12762.943729	 0.055625	 20231.515734	 0.836875	 0.109375	 12831.873476	 0.130625	 20472.148384	 0.870625	 0.130000	 
255.500000	 13174.023124	 0.053125	 18939.072499	 0.845625	 0.103750	 12808.870251	 0.125625	 20267.599219	 0.868125	 0.128750	 
256.000000	 13770.518865	 0.068125	 17605.852306	 0.780625	 0.143750	 12808.644892	 0.123125	 19962.935476	 0.870625	 0.126250	 
256.500000	 14498.222551	 0.049375	 16435.198683	 0.915625	 0.066875	 12840.932649	 0.118125	 19654.221737	 0.875625	 0.121250	 
257.000000	 15332.794807	 0.043125	 15654.732209	 0.919375	 0.061875	 12930.817689	 0.113125	 19321.036113	 0.878125	 0.117500	 
257.500000	 16517.465997	 0.041875	 14707.508415	 0.911875	 0.065000	 13096.079418	 0.110625	 18957.318566	 0.880625	 0.115000	 
258.000000	 18113.003572	 0.060625	 13473.372557	 0.913125	 0.073750	 13294.100095	 0.105625	 18602.725901	 0.881875	 0.111875	 
258.500000	 19926.512368	 0.050625	 12617.509075	 0.934375	 0.058125	 13508.196161	 0.100625	 18243.567976	 0.880625	 0.110000	 
259.000000	 20608.475739	 0.036875	 12692.126326	 0.821875	 0.107500	 13789.873280	 0.095625	 17860.990778	 0.880625	 0.107500	 
259.500000	 21210.639691	 0.070625	 12402.390862	 0.809375	 0.130625	 14121.496090	 0.090625	 17510.137881	 0.880625	 0.105000	 
260.000000	 21596.744692	 0.055625	 12178.995115	 0.773125	 0.141250	 14469.941384	 0.088125	 17206.296271	 0.884375	 0.101875	 
260.500000	 22280.086704	 0.053125	 11853.247533	 0.746875	 0.153125	 14801.742401	 0.088125	 16943.553104	 0.889375	 0.099375	 
261.000000	 22979.245776	 0.051875	 11364.088620	 0.840625	 0.105625	 15139.240976	 0.088125	 16683.118611	 0.888125	 0.100000	 
261.500000	 23384.972683	 0.080625	 12382.891708	 0.839375	 0.120625	 15479.258412	 0.085625	 16429.419508	 0.885625	 0.100000	 
262.000000	 23245.708921	 0.115625	 12599.934998	 0.828125	 0.143750	 15758.700613	 0.085625	 16210.398679	 0.878125	 0.103750	 
262.500000	 22093.754875	 0.128125	 12137.927966	 0.855625	 0.136250	 15961.199913	 0.088125	 16036.486734	 0.875625	 0.106250	 
263.000000	 20600.009719	 0.113125	 12553.216579	 0.764375	 0.174375	 16095.433892	 0.093125	 15894.920714	 0.875625	 0.108750	 
263.500000	 19608.603523	 0.058125	 12858.964213	 0.750625	 0.153750	 16158.538843	 0.093125	 15758.544043	 0.875625	 0.108750	 
264.000000	 17984.544648	 0.071875	 12941.508329	 0.738125	 0.166875	 16199.929047	 0.088125	 15617.439556	 0.878125	 0.105000	 
264.500000	 16538.897925	 0.091875	 13542.935368	 0.770625	 0.160625	 16209.760064	 0.088125	 15474.882341	 0.878125	 0.105000	 
265.000000	 15025.903740	 0.116875	 14334.210965	 0.769375	 0.173750	 16147.538089	 0.088125	 15340.048222	 0.878125	 0.105000	 
265.500000	 14571.684971	 0.063125	 14980.999693	 0.756875	 0.153125	 16079.102918	 0.085625	 15230.758882	 0.875625	 0.105000	 
266.000000	 14109.341285	 0.076875	 15629.247590	 0.753125	 0.161875	 16016.494976	 0.083125	 15159.912181	 0.873125	 0.105000	 
266.500000	 13793.446183	 0.081875	 16123.378026	 0.704375	 0.188750	 15951.056714	 0.083125	 15138.733994	 0.868125	 0.107500	 
267.000000	 13552.674734	 0.079375	 17533.705983	 0.806875	 0.136250	 15881.473978	 0.083125	 15157.428402	 0.865625	 0.108750	 
267.500000	 13221.200141	 0.081875	 17443.433106	 0.850625	 0.115625	 15807.406417	 0.083125	 15215.114401	 0.863125	 0.110000	 
268.000000	 12959.312282	 0.093125	 16861.313395	 0.863125	 0.115000	 15724.798593	 0.083125	 15259.606266	 0.863125	 0.110000	 
268.500000	 12835.371470	 0.111875	 17252.530670	 0.933125	 0.089375	 15640.290569	 0.085625	 15298.377676	 0.863125	 0.111250	 
269.000000	 13042.321759	 0.143125	 18941.202880	 0.949375	 0.096875	 15555.507946	 0.085625	 15340.002916	 0.865625	 0.110000	 
269.500000	 13093.184927	 0.120625	 20023.103317	 0.960625	 0.080000	 15470.817133	 0.088125	 15396.939679	 0.865625	 0.111250	 
270.000000	 12758.229086	 0.126875	 19962.994235	 0.945625	 0.090625	 15388.496684	 0.088125	 15466.872805	 0.868125	 0.110000	 
270.500000	 12790.409297	 0.175625	 20796.719183	 0.910625	 0.132500	 15305.582970	 0.088125	 15538.783805	 0.870625	 0.108750	 
271.000000	 13259.286351	 0.160625	 20168.173502	 0.945625	 0.107500	 15223.973036	 0.089375	 15637.473948	 0.873125	 0.108125	 
271.500000	 13582.621083	 0.153125	 20955.751018	 0.913125	 0.120000	 15146.734708	 0.090625	 15733.158205	 0.873125	 0.108750	 
272.000000	 13707.287119	 0.154375	 21748.967138	 0.904375	 0.125000	 15077.446630	 0.090625	 15853.237262	 0.875625	 0.107500	 
272.500000	 13639.645027	 0.154375	 21671.003323	 0.875625	 0.139375	 15024.698832	 0.090625	 15979.710438	 0.875625	 0.107500	 
273.000000	 13418.318177	 0.104375	 20191.692424	 0.848125	 0.128125	 14988.742309	 0.090625	 16034.234703	 0.873125	 0.108750	 
273.500000	 13931.291683	 0.093125	 17578.757977	 0.929375	 0.081875	 14966.513933	 0.090625	 16036.073876	 0.873125	 0.108750	 
274.000000	 14159.625554	 0.090625	 17262.795086	 0.910625	 0.090000	 14950.046823	 0.090625	 16018.588139	 0.873125	 0.108750	 
274.500000	 14117.269713	 0.074375	 15760.143406	 0.895625	 0.089375	 14932.161388	 0.090625	 15998.407516	 0.875625	 0.107500	 
275.000000	 14150.076403	 0.060625	 14436.708693	 0.758125	 0.151250	 14914.071406	 0.090625	 15964.659905	 0.875625	 0.107500	 
275.500000	 14184.343846	 0.066875	 14166.381737	 0.738125	 0.164375	 14895.857341	 0.090625	 15904.694521	 0.875625	 0.107500	 
276.000000	 14188.652675	 0.073125	 13603.296281	 0.706875	 0.183125	 14877.155812	 0.090625	 15835.623020	 0.876875	 0.106875	 
276.500000	 15247.645945	 0.371875	 12604.959903	 0.666875	 0.352500	 14859.372241	 0.088125	 15760.023212	 0.878125	 0.105000	 
277.000000	 18341.796121	 0.320625	 12370.920162	 0.943125	 0.188750	 14835.602200	 0.090625	 15684.045278	 0.878125	 0.106250	 
277.500000	 20190.852931	 0.283125	 12136.457578	 0.934375	 0.174375	 14801.829588	 0.090625	 15599.534331	 0.878125	 0.106250	 
278.000000	 21869.988276	 0.256875	 11863.705975	 0.925625	 0.165625	 14755.022875	 0.090625	 15517.635494	 0.878125	 0.106250	 
278.500000	 22292.435825	 0.250625	 11885.174337	 0.696875	 0.276875	 14697.881083	 0.093125	 15440.899953	 0.880625	 0.106250	 
279.000000	 21198.323635	 0.255625	 12284.566128	 0.709375	 0.273125	 14640.699851	 0.093125	 15367.849493	 0.880625	 0.106250	 
279.500000	 18620.398751	 0.284375	 11957.736013	 0.704375	 0.290000	 14597.734113	 0.093125	 15298.818196	 0.880625	 0.106250	 
280.000000	 17151.875447	 0.321875	 12387.491976	 0.671875	 0.325000	 14566.710865	 0.095625	 15232.348921	 0.878125	 0.108750	 
280.500000	 16574.481361	 0.264375	 13744.563420	 0.659375	 0.302500	 14543.842282	 0.095625	 15170.655490	 0.878125	 0.108750	 
281.000000	 17431.479949	 0.243125	 14450.166170	 0.674375	 0.284375	 14532.359266	 0.098125	 15113.435574	 0.878125	 0.110000	 
281.500000	 16938.695306	 0.223125	 14363.580576	 0.678125	 0.272500	 14527.189092	 0.098125	 15059.070401	 0.875625	 0.111250	 
282.000000	 16340.399240	 0.204375	 14566.950863	 0.645625	 0.279375	 14516.690712	 0.098125	 15007.020111	 0.875625	 0.111250	 
282.500000	 15965.031396	 0.201875	 15025.923924	 0.661875	 0.270000	 14499.301770	 0.098125	 14954.533104	 0.875625	 0.111250	 
283.000000	 15614.016866	 0.223125	 15464.014614	 0.674375	 0.274375	 14481.811699	 0.100625	 14904.139191	 0.875625	 0.112500	 
283.500000	 16042.323352	 0.244375	 14766.252085	 0.659375	 0.292500	 14465.095888	 0.100625	 14854.957257	 0.873125	 0.113750	 
284.000000	 16614.459753	 0.286875	 14978.596766	 0.666875	 0.310000	 14451.002085	 0.100625	 14809.458180	 0.873125	 0.113750	 
284.500000	 14931.896809	 0.265625	 14798.703993	 0.650625	 0.307500	 14438.495780	 0.103125	 14768.149537	 0.873125	 0.115000	 
285.000000	 14790.985842	 0.235625	 15342.256993	 0.630625	 0.302500	 14430.094461	 0.103125	 14728.742800	 0.871875	 0.115625	 
285.500000	 14924.354578	 0.120625	 15403.362108	 0.611875	 0.254375	 14431.525551	 0.104375	 14690.905506	 0.870625	 0.116875	 
286.000000	 15971.594644	 0.126875	 15373.562948	 0.604375	 0.261250	 14437.709412	 0.108125	 14659.592281	 0.870625	 0.118750	 
286.500000	 16384.966116	 0.129375	 14651.428372	 0.629375	 0.250000	 14445.443567	 0.110625	 14627.076084	 0.870625	 0.120000	 
287.000000	 16233.728711	 0.139375	 14080.591719	 0.754375	 0.192500	 14447.608027	 0.111875	 14586.342239	 0.870625	 0.120625	 
287.500000	 15352.491073	 0.140625	 14344.654883	 0.754375	 0.193125	 14445.315376	 0.113125	 14543.918369	 0.868125	 0.122500	 
288.000000	 14808.725778	 0.145625	 14679.922033	 0.955625	 0.095000	 14436.442039	 0.114375	 14499.884754	 0.868125	 0.123125	 
288.500000	 14208.047415	 0.156875	 15808.824062	 0.954375	 0.101250	 14423.321835	 0.114375	 14460.016742	 0.868125	 0.123125	 
289.000000	 14114.990673	 0.171875	 16976.135839	 0.953125	 0.109375	 14404.183063	 0.114375	 14422.079976	 0.870625	 0.121875	 
289.500000	 13769.845596	 0.213125	 17635.337249	 0.939375	 0.136875	 14378.068495	 0.114375	 14388.139194	 0.870625	 0.121875	 
290.000000	 14652.967485	 0.280625	 17627.977839	 0.929375	 0.175625	 14344.225802	 0.114375	 14355.854874	 0.873125	 0.120625	 
290.500000	 14951.714533	 0.290625	 16818.307730	 0.910625	 0.190000	 14303.779448	 0.114375	 14354.875141	 0.876875	 0.118750	 
291.000000	 15654.571035	 0.299375	 15552.080806	 0.873125	 0.213125	 14259.142780	 0.114375	 14369.093759	 0.875625	 0.119375	 
291.500000	 15825.760393	 0.325625	 15098.138089	 0.935625	 0.195000	 14211.085251	 0.114375	 14362.913817	 0.875625	 0.119375	 
292.000000	 15753.043080	 0.328125	 14705.383634	 0.936875	 0.195625	 14162.228819	 0.114375	 14361.913839	 0.876875	 0.118750	 
292.500000	 15797.635142	 0.320625	 15081.410233	 0.881875	 0.219375	 14112.205819	 0.114375	 14370.014677	 0.876875	 0.118750	 
293.000000	 15983.873637	 0.301875	 15744.254590	 0.909375	 0.196250	 14061.729008	 0.114375	 14380.521286	 0.876875	 0.118750	 
293.500000	 15467.017131	 0.293125	 16433.280386	 0.891875	 0.200625	 14009.544359	 0.114375	 14401.389208	 0.878125	 0.118125	 
294.000000	 14747.766525	 0.355625	 17200.615063	 0.826875	 0.264375	 13955.091406	 0.115625	 14430.227103	 0.876875	 0.119375	 
294.500000	 14399.764768	 0.313125	 17513.443384	 0.826875	 0.243125	 13895.487365	 0.115625	 14454.910353	 0.875625	 0.120000	 
295.000000	 13773.146900	 0.255625	 17587.411514	 0.813125	 0.221250	 13830.772154	 0.116875	 14465.748071	 0.874375	 0.121250	 
295.500000	 13518.548480	 0.375625	 17556.638546	 0.779375	 0.298125	 13765.951977	 0.116875	 14469.058258	 0.873125	 0.121875	 
296.000000	 13522.518011	 0.359375	 17574.595497	 0.774375	 0.292500	 13702.093543	 0.118125	 14472.126565	 0.873125	 0.122500	 
296.500000	 14069.661655	 0.309375	 17355.761317	 0.785625	 0.261875	 13641.662617	 0.119375	 14478.671913	 0.873125	 0.123125	 
297.000000	 14195.354343	 0.319375	 17103.771222	 0.820625	 0.249375	 13586.496132	 0.120625	 14489.373728	 0.873125	 0.123750	 
297.500000	 14688.971252	 0.363125	 17326.412061	 0.815625	 0.273750	 13534.764127	 0.121875	 14507.504246	 0.870625	 0.125625	 
298.000000	 15217.270050	 0.343125	 17806.663310	 0.818125	 0.262500	 13487.969110	 0.124375	 14533.443869	 0.870625	 0.126875	 
298.500000	 14925.061097	 0.338125	 18287.755880	 0.834375	 0.251875	 13449.492267	 0.125625	 14566.620497	 0.870625	 0.127500	 
299.000000	 13865.038186	 0.354375	 18676.106963	 0.856875	 0.248750	 13411.028912	 0.128125	 14604.281279	 0.870625	 0.128750	 
299.500000	 14398.239292	 0.231875	 18279.797543	 0.841875	 0.195000	 13373.497199	 0.130625	 14638.107900	 0.868125	 0.131250	 
300.000000	 14139.852920	 0.268125	 17682.119701	 0.830625	 0.218750	 13338.540457	 0.133125	 14662.695134	 0.868125	 0.132500	 
