# Buoyancy boundary layer depth time series
# <\delta_b(t)> averaged between 200.000000 and 250.000000 with sampling frequency 0.500000
# time		 max(var(b)) in [0, H/2]	 z(max(var(b))in [0, H/2])	  max(var(b))in [H/2, H]	 z(max(var(b))in [H/2, H])	 \delta_b[inst.]	  max(<var(b)>)in [0, H/2]	 z(max(<var(b)>)in [0, H/2])	  max(<var(b)>)in [H/2, H]	 z(max(<var(b)>)in [H/2, H])	 \delta_b[av.]	 
200.000000	 0.029717	 0.018333	 0.028433	 0.981667	 0.018333	 0.029717	 0.018333	 0.028433	 0.981667	 0.018333	 
200.500000	 0.028776	 0.018333	 0.028024	 0.981667	 0.018333	 0.029246	 0.018333	 0.028228	 0.981667	 0.018333	 
201.000000	 0.027965	 0.018333	 0.027824	 0.981667	 0.018333	 0.028819	 0.018333	 0.028094	 0.981667	 0.018333	 
201.500000	 0.026887	 0.018333	 0.028705	 0.978333	 0.020000	 0.028336	 0.018333	 0.028226	 0.981667	 0.018333	 
202.000000	 0.026082	 0.018333	 0.029092	 0.981667	 0.018333	 0.027885	 0.018333	 0.028399	 0.981667	 0.018333	 
202.500000	 0.025790	 0.021667	 0.029503	 0.981667	 0.020000	 0.027536	 0.018333	 0.028583	 0.981667	 0.018333	 
203.000000	 0.025895	 0.021667	 0.030436	 0.978333	 0.021667	 0.027276	 0.018333	 0.028838	 0.981667	 0.018333	 
203.500000	 0.026443	 0.021667	 0.031579	 0.981667	 0.020000	 0.027147	 0.018333	 0.029181	 0.981667	 0.018333	 
204.000000	 0.027003	 0.021667	 0.032125	 0.981667	 0.020000	 0.027130	 0.018333	 0.029508	 0.981667	 0.018333	 
204.500000	 0.027281	 0.018333	 0.032579	 0.981667	 0.018333	 0.027145	 0.018333	 0.029815	 0.981667	 0.018333	 
205.000000	 0.026852	 0.018333	 0.032775	 0.981667	 0.018333	 0.027118	 0.018333	 0.030084	 0.981667	 0.018333	 
205.500000	 0.026299	 0.018333	 0.032645	 0.981667	 0.018333	 0.027050	 0.018333	 0.030297	 0.981667	 0.018333	 
206.000000	 0.025676	 0.018333	 0.032534	 0.981667	 0.018333	 0.026944	 0.018333	 0.030469	 0.981667	 0.018333	 
206.500000	 0.025649	 0.021667	 0.031644	 0.981667	 0.020000	 0.026837	 0.018333	 0.030553	 0.981667	 0.018333	 
207.000000	 0.026577	 0.021667	 0.030544	 0.981667	 0.020000	 0.026807	 0.018333	 0.030553	 0.981667	 0.018333	 
207.500000	 0.027569	 0.018333	 0.029746	 0.981667	 0.018333	 0.026855	 0.018333	 0.030502	 0.981667	 0.018333	 
208.000000	 0.028560	 0.018333	 0.028640	 0.981667	 0.018333	 0.026955	 0.018333	 0.030393	 0.981667	 0.018333	 
208.500000	 0.028901	 0.018333	 0.027305	 0.981667	 0.018333	 0.027063	 0.018333	 0.030221	 0.981667	 0.018333	 
209.000000	 0.028386	 0.018333	 0.026620	 0.981667	 0.018333	 0.027133	 0.018333	 0.030032	 0.981667	 0.018333	 
209.500000	 0.026873	 0.018333	 0.026362	 0.981667	 0.018333	 0.027120	 0.018333	 0.029848	 0.981667	 0.018333	 
210.000000	 0.025207	 0.018333	 0.025841	 0.981667	 0.018333	 0.027029	 0.018333	 0.029657	 0.981667	 0.018333	 
210.500000	 0.024448	 0.021667	 0.025862	 0.981667	 0.020000	 0.026907	 0.018333	 0.029485	 0.981667	 0.018333	 
211.000000	 0.024505	 0.021667	 0.026379	 0.981667	 0.020000	 0.026789	 0.018333	 0.029350	 0.981667	 0.018333	 
211.500000	 0.024977	 0.021667	 0.026846	 0.981667	 0.020000	 0.026697	 0.018333	 0.029245	 0.981667	 0.018333	 
212.000000	 0.025325	 0.021667	 0.028207	 0.978333	 0.021667	 0.026629	 0.018333	 0.029200	 0.981667	 0.018333	 
212.500000	 0.025502	 0.021667	 0.029321	 0.981667	 0.020000	 0.026571	 0.018333	 0.029205	 0.981667	 0.018333	 
213.000000	 0.025853	 0.021667	 0.030961	 0.978333	 0.021667	 0.026531	 0.018333	 0.029266	 0.981667	 0.018333	 
213.500000	 0.025967	 0.021667	 0.032121	 0.981667	 0.020000	 0.026505	 0.018333	 0.029368	 0.981667	 0.018333	 
214.000000	 0.026007	 0.018333	 0.032181	 0.981667	 0.018333	 0.026488	 0.018333	 0.029465	 0.981667	 0.018333	 
214.500000	 0.025527	 0.018333	 0.031139	 0.981667	 0.018333	 0.026456	 0.018333	 0.029521	 0.981667	 0.018333	 
215.000000	 0.024339	 0.018333	 0.030173	 0.981667	 0.018333	 0.026388	 0.018333	 0.029542	 0.981667	 0.018333	 
215.500000	 0.024233	 0.021667	 0.030013	 0.981667	 0.020000	 0.026309	 0.018333	 0.029557	 0.981667	 0.018333	 
216.000000	 0.024921	 0.021667	 0.029559	 0.981667	 0.020000	 0.026257	 0.018333	 0.029557	 0.981667	 0.018333	 
216.500000	 0.024946	 0.018333	 0.028993	 0.981667	 0.018333	 0.026219	 0.018333	 0.029540	 0.981667	 0.018333	 
217.000000	 0.024498	 0.018333	 0.028185	 0.981667	 0.018333	 0.026170	 0.018333	 0.029502	 0.981667	 0.018333	 
217.500000	 0.024614	 0.021667	 0.027832	 0.978333	 0.021667	 0.026123	 0.018333	 0.029453	 0.981667	 0.018333	 
218.000000	 0.025245	 0.021667	 0.028180	 0.978333	 0.021667	 0.026097	 0.018333	 0.029417	 0.981667	 0.018333	 
218.500000	 0.025891	 0.021667	 0.028907	 0.981667	 0.020000	 0.026091	 0.018333	 0.029404	 0.981667	 0.018333	 
219.000000	 0.026659	 0.018333	 0.029419	 0.981667	 0.018333	 0.026105	 0.018333	 0.029404	 0.981667	 0.018333	 
219.500000	 0.027035	 0.018333	 0.030195	 0.981667	 0.018333	 0.026129	 0.018333	 0.029424	 0.981667	 0.018333	 
220.000000	 0.027445	 0.021667	 0.030674	 0.981667	 0.020000	 0.026160	 0.018333	 0.029455	 0.981667	 0.018333	 
220.500000	 0.028055	 0.021667	 0.030473	 0.981667	 0.020000	 0.026201	 0.018333	 0.029479	 0.981667	 0.018333	 
221.000000	 0.027799	 0.021667	 0.029252	 0.981667	 0.020000	 0.026235	 0.018333	 0.029474	 0.981667	 0.018333	 
221.500000	 0.027355	 0.021667	 0.027441	 0.981667	 0.020000	 0.026257	 0.018333	 0.029427	 0.981667	 0.018333	 
222.000000	 0.027012	 0.021667	 0.026240	 0.981667	 0.020000	 0.026274	 0.018333	 0.029357	 0.981667	 0.018333	 
222.500000	 0.026796	 0.018333	 0.025319	 0.981667	 0.018333	 0.026285	 0.018333	 0.029269	 0.981667	 0.018333	 
223.000000	 0.026690	 0.018333	 0.024284	 0.981667	 0.018333	 0.026293	 0.018333	 0.029163	 0.981667	 0.018333	 
223.500000	 0.026490	 0.018333	 0.023821	 0.978333	 0.020000	 0.026298	 0.018333	 0.029050	 0.981667	 0.018333	 
224.000000	 0.026109	 0.018333	 0.023707	 0.981667	 0.018333	 0.026294	 0.018333	 0.028941	 0.981667	 0.018333	 
224.500000	 0.025684	 0.018333	 0.023814	 0.981667	 0.018333	 0.026282	 0.018333	 0.028839	 0.981667	 0.018333	 
225.000000	 0.025179	 0.018333	 0.024430	 0.981667	 0.018333	 0.026260	 0.018333	 0.028752	 0.981667	 0.018333	 
225.500000	 0.024627	 0.018333	 0.025130	 0.981667	 0.018333	 0.026229	 0.018333	 0.028682	 0.981667	 0.018333	 
226.000000	 0.023842	 0.018333	 0.025311	 0.981667	 0.018333	 0.026183	 0.018333	 0.028619	 0.981667	 0.018333	 
226.500000	 0.023070	 0.018333	 0.026168	 0.978333	 0.020000	 0.026126	 0.018333	 0.028573	 0.981667	 0.018333	 
227.000000	 0.022331	 0.018333	 0.028049	 0.978333	 0.020000	 0.026057	 0.018333	 0.028563	 0.981667	 0.018333	 
227.500000	 0.021470	 0.018333	 0.029069	 0.981667	 0.018333	 0.025975	 0.018333	 0.028572	 0.981667	 0.018333	 
228.000000	 0.020676	 0.018333	 0.028983	 0.981667	 0.018333	 0.025882	 0.018333	 0.028579	 0.981667	 0.018333	 
228.500000	 0.020978	 0.025000	 0.029424	 0.981667	 0.021667	 0.025790	 0.018333	 0.028594	 0.981667	 0.018333	 
229.000000	 0.023548	 0.025000	 0.029853	 0.981667	 0.021667	 0.025730	 0.018333	 0.028615	 0.981667	 0.018333	 
229.500000	 0.025841	 0.021667	 0.028833	 0.981667	 0.020000	 0.025716	 0.018333	 0.028619	 0.981667	 0.018333	 
230.000000	 0.027331	 0.021667	 0.027043	 0.981667	 0.020000	 0.025736	 0.018333	 0.028593	 0.981667	 0.018333	 
230.500000	 0.027934	 0.021667	 0.025537	 0.981667	 0.020000	 0.025768	 0.018333	 0.028543	 0.981667	 0.018333	 
231.000000	 0.027799	 0.021667	 0.025335	 0.981667	 0.020000	 0.025801	 0.018333	 0.028493	 0.981667	 0.018333	 
231.500000	 0.027061	 0.018333	 0.026247	 0.978333	 0.020000	 0.025820	 0.018333	 0.028453	 0.981667	 0.018333	 
232.000000	 0.026583	 0.021667	 0.028041	 0.978333	 0.021667	 0.025829	 0.018333	 0.028443	 0.981667	 0.018333	 
232.500000	 0.027042	 0.021667	 0.029094	 0.981667	 0.020000	 0.025841	 0.018333	 0.028453	 0.981667	 0.018333	 
233.000000	 0.027629	 0.021667	 0.029806	 0.981667	 0.020000	 0.025865	 0.018333	 0.028473	 0.981667	 0.018333	 
233.500000	 0.027726	 0.018333	 0.030107	 0.981667	 0.018333	 0.025892	 0.018333	 0.028497	 0.981667	 0.018333	 
234.000000	 0.027316	 0.018333	 0.029978	 0.981667	 0.018333	 0.025913	 0.018333	 0.028518	 0.981667	 0.018333	 
234.500000	 0.026701	 0.018333	 0.029737	 0.981667	 0.018333	 0.025924	 0.018333	 0.028536	 0.981667	 0.018333	 
235.000000	 0.026091	 0.018333	 0.029477	 0.981667	 0.018333	 0.025926	 0.018333	 0.028549	 0.981667	 0.018333	 
235.500000	 0.025430	 0.021667	 0.029088	 0.981667	 0.020000	 0.025918	 0.018333	 0.028557	 0.981667	 0.018333	 
236.000000	 0.025029	 0.021667	 0.028834	 0.981667	 0.020000	 0.025903	 0.018333	 0.028560	 0.981667	 0.018333	 
236.500000	 0.024753	 0.021667	 0.028485	 0.981667	 0.020000	 0.025883	 0.018333	 0.028559	 0.981667	 0.018333	 
237.000000	 0.025954	 0.021667	 0.027590	 0.981667	 0.020000	 0.025874	 0.018333	 0.028546	 0.981667	 0.018333	 
237.500000	 0.027518	 0.021667	 0.027274	 0.978333	 0.021667	 0.025890	 0.018333	 0.028527	 0.981667	 0.018333	 
238.000000	 0.028172	 0.018333	 0.027755	 0.978333	 0.020000	 0.025920	 0.018333	 0.028512	 0.981667	 0.018333	 
238.500000	 0.028179	 0.018333	 0.028999	 0.978333	 0.020000	 0.025949	 0.018333	 0.028514	 0.981667	 0.018333	 
239.000000	 0.028842	 0.021667	 0.029991	 0.981667	 0.020000	 0.025985	 0.018333	 0.028533	 0.981667	 0.018333	 
239.500000	 0.030508	 0.021667	 0.030926	 0.981667	 0.020000	 0.026040	 0.018333	 0.028563	 0.981667	 0.018333	 
240.000000	 0.031753	 0.021667	 0.031480	 0.981667	 0.020000	 0.026109	 0.018333	 0.028599	 0.981667	 0.018333	 
240.500000	 0.033035	 0.021667	 0.030852	 0.981667	 0.020000	 0.026192	 0.018333	 0.028626	 0.981667	 0.018333	 
241.000000	 0.033825	 0.018333	 0.029570	 0.981667	 0.018333	 0.026284	 0.018333	 0.028638	 0.981667	 0.018333	 
241.500000	 0.033852	 0.018333	 0.028153	 0.981667	 0.018333	 0.026374	 0.018333	 0.028632	 0.981667	 0.018333	 
242.000000	 0.033409	 0.018333	 0.027522	 0.981667	 0.018333	 0.026457	 0.018333	 0.028619	 0.981667	 0.018333	 
242.500000	 0.033902	 0.021667	 0.027671	 0.981667	 0.020000	 0.026543	 0.018333	 0.028608	 0.981667	 0.018333	 
243.000000	 0.034388	 0.018333	 0.027982	 0.981667	 0.018333	 0.026633	 0.018333	 0.028601	 0.981667	 0.018333	 
243.500000	 0.034192	 0.018333	 0.028203	 0.981667	 0.018333	 0.026719	 0.018333	 0.028596	 0.981667	 0.018333	 
244.000000	 0.033064	 0.018333	 0.028545	 0.981667	 0.018333	 0.026791	 0.018333	 0.028596	 0.981667	 0.018333	 
244.500000	 0.032056	 0.018333	 0.027982	 0.981667	 0.018333	 0.026849	 0.018333	 0.028589	 0.981667	 0.018333	 
245.000000	 0.031810	 0.018333	 0.026929	 0.978333	 0.020000	 0.026904	 0.018333	 0.028569	 0.981667	 0.018333	 
245.500000	 0.031000	 0.018333	 0.025829	 0.978333	 0.020000	 0.026948	 0.018333	 0.028536	 0.981667	 0.018333	 
246.000000	 0.029372	 0.018333	 0.025430	 0.978333	 0.020000	 0.026974	 0.018333	 0.028498	 0.981667	 0.018333	 
246.500000	 0.027575	 0.018333	 0.025714	 0.978333	 0.020000	 0.026981	 0.018333	 0.028466	 0.981667	 0.018333	 
247.000000	 0.025997	 0.018333	 0.027188	 0.978333	 0.020000	 0.026970	 0.018333	 0.028449	 0.981667	 0.018333	 
247.500000	 0.025399	 0.018333	 0.029679	 0.978333	 0.020000	 0.026954	 0.018333	 0.028457	 0.981667	 0.018333	 
248.000000	 0.026728	 0.021667	 0.031085	 0.981667	 0.020000	 0.026949	 0.018333	 0.028484	 0.981667	 0.018333	 
248.500000	 0.028655	 0.021667	 0.030985	 0.981667	 0.020000	 0.026966	 0.018333	 0.028510	 0.981667	 0.018333	 
249.000000	 0.030123	 0.018333	 0.029622	 0.981667	 0.018333	 0.026998	 0.018333	 0.028521	 0.981667	 0.018333	 
249.500000	 0.030756	 0.018333	 0.028276	 0.981667	 0.018333	 0.027036	 0.018333	 0.028519	 0.981667	 0.018333	 
250.000000	 0.030560	 0.018333	 0.028223	 0.978333	 0.020000	 0.027071	 0.018333	 0.028513	 0.981667	 0.018333	 
