# Velocity boundary layer depth time series
# <\delta_u(t)> averaged between 200.000000 and 250.000000 with sampling frequency 0.500000
# time		 max(Re_uxRMS)in [0, H/2]	 z(max(Re_uxRMS)in [0, H/2])	  max(Re_uxRMS)in [H/2, H]	 z(max(Re_uxRMS)in [H/2, H])	 \delta_u[inst.]	  max(<Re_uxRMS>)in [0, H/2]	 z(max(<Re_uxRMS>)in [0, H/2])	  max(<Re_uxRMS>)in [H/2, H]	 z(max(<Re_uxRMS>)in [H/2, H])	 \delta_u[av.]	 
200.000000	 4675.847877	 0.058333	 4726.161502	 0.931667	 0.063333	 4675.847877	 0.058333	 4726.161502	 0.931667	 0.063333	 
200.500000	 4728.688863	 0.081667	 4722.268766	 0.931667	 0.075000	 4681.884926	 0.068333	 4724.215134	 0.931667	 0.068333	 
201.000000	 4770.049130	 0.081667	 4720.043944	 0.935000	 0.073333	 4705.614501	 0.078333	 4722.505647	 0.931667	 0.073333	 
201.500000	 4734.711902	 0.085000	 4741.939125	 0.941667	 0.071667	 4711.829195	 0.078333	 4725.479645	 0.935000	 0.071667	 
202.000000	 4701.665711	 0.098333	 4783.396358	 0.948333	 0.075000	 4703.679928	 0.081667	 4732.348454	 0.938333	 0.071667	 
202.500000	 4662.422701	 0.088333	 4824.455893	 0.955000	 0.066667	 4695.744143	 0.085000	 4738.537279	 0.941667	 0.071667	 
203.000000	 4605.538203	 0.085000	 4850.434023	 0.958333	 0.063333	 4682.857580	 0.085000	 4747.295706	 0.948333	 0.068333	 
203.500000	 4551.192712	 0.088333	 4851.500664	 0.958333	 0.065000	 4666.295595	 0.085000	 4756.489082	 0.948333	 0.068333	 
204.000000	 4528.131411	 0.088333	 4825.404101	 0.958333	 0.065000	 4650.785797	 0.085000	 4761.862831	 0.948333	 0.068333	 
204.500000	 4529.039203	 0.088333	 4786.595719	 0.955000	 0.066667	 4638.586083	 0.085000	 4763.710431	 0.948333	 0.068333	 
205.000000	 4533.789460	 0.081667	 4741.936659	 0.951667	 0.065000	 4628.856358	 0.085000	 4761.402156	 0.948333	 0.068333	 
205.500000	 4521.140384	 0.071667	 4686.126938	 0.951667	 0.060000	 4617.124184	 0.085000	 4754.962689	 0.948333	 0.068333	 
206.000000	 4502.758053	 0.061667	 4669.785750	 0.935000	 0.063333	 4603.021059	 0.081667	 4747.845893	 0.948333	 0.066667	 
206.500000	 4480.482173	 0.055000	 4702.681955	 0.928333	 0.063333	 4588.274712	 0.078333	 4742.124148	 0.948333	 0.065000	 
207.000000	 4446.103358	 0.055000	 4753.205719	 0.925000	 0.065000	 4576.374076	 0.078333	 4738.187234	 0.948333	 0.065000	 
207.500000	 4436.865872	 0.061667	 4797.991110	 0.925000	 0.068333	 4566.663143	 0.078333	 4736.024187	 0.945000	 0.066667	 
208.000000	 4466.327032	 0.068333	 4819.317964	 0.915000	 0.076667	 4560.079370	 0.078333	 4736.567849	 0.945000	 0.066667	 
208.500000	 4503.445050	 0.071667	 4869.620619	 0.911667	 0.080000	 4556.670571	 0.078333	 4737.254561	 0.941667	 0.068333	 
209.000000	 4584.378891	 0.095000	 4901.149173	 0.911667	 0.091667	 4557.043332	 0.078333	 4739.908990	 0.941667	 0.068333	 
209.500000	 4677.306102	 0.101667	 4906.891388	 0.921667	 0.090000	 4559.852072	 0.078333	 4745.653214	 0.941667	 0.068333	 
210.000000	 4727.350883	 0.101667	 4947.206402	 0.935000	 0.083333	 4564.322633	 0.081667	 4755.074429	 0.938333	 0.071667	 
210.500000	 4730.495046	 0.095000	 4977.357119	 0.938333	 0.078333	 4570.291616	 0.081667	 4765.178188	 0.938333	 0.071667	 
211.000000	 4720.717383	 0.088333	 4979.006984	 0.938333	 0.075000	 4576.432479	 0.085000	 4774.475092	 0.938333	 0.073333	 
211.500000	 4717.725536	 0.085000	 4952.301874	 0.938333	 0.073333	 4582.319690	 0.085000	 4781.884541	 0.938333	 0.073333	 
212.000000	 4720.527975	 0.081667	 4933.388928	 0.941667	 0.070000	 4587.765248	 0.085000	 4787.940323	 0.938333	 0.073333	 
212.500000	 4722.049929	 0.075000	 4918.555142	 0.945000	 0.065000	 4592.722043	 0.081667	 4792.573041	 0.938333	 0.071667	 
213.000000	 4715.337078	 0.078333	 4909.704901	 0.948333	 0.065000	 4597.171905	 0.081667	 4796.225910	 0.941667	 0.070000	 
213.500000	 4722.268779	 0.075000	 4897.685085	 0.951667	 0.061667	 4601.163092	 0.081667	 4799.123534	 0.941667	 0.070000	 
214.000000	 4726.872890	 0.065000	 4884.076428	 0.948333	 0.058333	 4603.860784	 0.081667	 4801.591751	 0.941667	 0.070000	 
214.500000	 4723.078067	 0.061667	 4883.141628	 0.948333	 0.056667	 4604.995663	 0.078333	 4803.779439	 0.941667	 0.068333	 
215.000000	 4702.419496	 0.058333	 4861.740761	 0.948333	 0.055000	 4606.269908	 0.078333	 4805.161563	 0.941667	 0.068333	 
215.500000	 4690.628679	 0.071667	 4835.541561	 0.945000	 0.063333	 4608.792026	 0.078333	 4805.999790	 0.941667	 0.068333	 
216.000000	 4744.351428	 0.085000	 4819.838562	 0.941667	 0.071667	 4612.597881	 0.078333	 4806.419147	 0.941667	 0.068333	 
216.500000	 4747.426026	 0.085000	 4829.611758	 0.935000	 0.075000	 4616.423567	 0.078333	 4806.893728	 0.941667	 0.068333	 
217.000000	 4730.878870	 0.098333	 4826.721283	 0.938333	 0.080000	 4619.315907	 0.078333	 4807.412836	 0.941667	 0.068333	 
217.500000	 4745.897808	 0.098333	 4808.337895	 0.938333	 0.080000	 4622.077192	 0.081667	 4807.438523	 0.941667	 0.070000	 
218.000000	 4734.175403	 0.091667	 4784.648275	 0.945000	 0.073333	 4624.911553	 0.081667	 4806.804039	 0.941667	 0.070000	 
218.500000	 4727.181303	 0.098333	 4787.220590	 0.951667	 0.073333	 4627.184429	 0.081667	 4805.805693	 0.941667	 0.070000	 
219.000000	 4765.486141	 0.101667	 4793.555797	 0.951667	 0.075000	 4629.785244	 0.081667	 4805.022211	 0.941667	 0.070000	 
219.500000	 4793.718141	 0.091667	 4796.048070	 0.948333	 0.071667	 4633.418566	 0.081667	 4804.616491	 0.941667	 0.070000	 
220.000000	 4778.548427	 0.085000	 4803.795913	 0.938333	 0.073333	 4636.938219	 0.081667	 4804.574442	 0.941667	 0.070000	 
220.500000	 4796.387936	 0.098333	 4822.603305	 0.931667	 0.083333	 4640.170663	 0.081667	 4804.675307	 0.941667	 0.070000	 
221.000000	 4823.044244	 0.095000	 4812.112929	 0.928333	 0.083333	 4643.820180	 0.081667	 4804.058997	 0.941667	 0.070000	 
221.500000	 4817.959151	 0.091667	 4797.790567	 0.921667	 0.085000	 4647.224547	 0.081667	 4802.140681	 0.941667	 0.070000	 
222.000000	 4756.215168	 0.095000	 4803.927199	 0.911667	 0.091667	 4649.466666	 0.081667	 4799.558670	 0.941667	 0.070000	 
222.500000	 4704.244768	 0.081667	 4794.136692	 0.915000	 0.083333	 4650.657494	 0.081667	 4797.195303	 0.941667	 0.070000	 
223.000000	 4673.940505	 0.075000	 4794.030777	 0.918333	 0.078333	 4651.065917	 0.081667	 4795.484657	 0.938333	 0.071667	 
223.500000	 4668.041631	 0.071667	 4791.816771	 0.918333	 0.076667	 4651.157148	 0.081667	 4794.330053	 0.938333	 0.071667	 
224.000000	 4692.805680	 0.085000	 4790.618991	 0.915000	 0.085000	 4651.988738	 0.081667	 4793.341216	 0.938333	 0.071667	 
224.500000	 4749.307590	 0.078333	 4822.861885	 0.918333	 0.080000	 4653.855643	 0.081667	 4792.576132	 0.938333	 0.071667	 
225.000000	 4766.583686	 0.075000	 4831.713303	 0.925000	 0.075000	 4655.734247	 0.081667	 4792.505765	 0.938333	 0.071667	 
225.500000	 4723.654813	 0.071667	 4813.262066	 0.938333	 0.066667	 4656.532882	 0.081667	 4792.904925	 0.938333	 0.071667	 
226.000000	 4654.000927	 0.071667	 4822.198391	 0.945000	 0.063333	 4656.179608	 0.081667	 4793.222055	 0.938333	 0.071667	 
226.500000	 4626.709219	 0.081667	 4840.808934	 0.945000	 0.068333	 4655.633860	 0.081667	 4793.888422	 0.938333	 0.071667	 
227.000000	 4644.215851	 0.081667	 4878.227096	 0.945000	 0.068333	 4655.426259	 0.081667	 4795.282991	 0.938333	 0.071667	 
227.500000	 4667.123967	 0.081667	 4909.031090	 0.948333	 0.066667	 4655.635147	 0.081667	 4797.068586	 0.938333	 0.071667	 
228.000000	 4696.931456	 0.078333	 4921.886617	 0.945000	 0.066667	 4656.257071	 0.081667	 4799.107082	 0.938333	 0.071667	 
228.500000	 4709.054580	 0.075000	 4942.846197	 0.941667	 0.066667	 4656.823691	 0.081667	 4801.527736	 0.938333	 0.071667	 
229.000000	 4674.671079	 0.071667	 4977.392673	 0.938333	 0.066667	 4656.959902	 0.081667	 4804.508498	 0.938333	 0.071667	 
229.500000	 4673.539867	 0.091667	 5010.480014	 0.938333	 0.076667	 4657.133496	 0.081667	 4807.941357	 0.938333	 0.071667	 
230.000000	 4721.445013	 0.098333	 5015.249581	 0.938333	 0.080000	 4657.851231	 0.081667	 4811.339852	 0.938333	 0.071667	 
230.500000	 4765.699291	 0.095000	 4993.974150	 0.938333	 0.078333	 4659.374902	 0.081667	 4814.285567	 0.938333	 0.071667	 
231.000000	 4805.325933	 0.095000	 4961.052534	 0.938333	 0.078333	 4661.290162	 0.081667	 4816.615201	 0.938333	 0.071667	 
231.500000	 4848.722467	 0.098333	 4901.221961	 0.935000	 0.081667	 4663.172456	 0.081667	 4817.898013	 0.938333	 0.071667	 
232.000000	 4811.358177	 0.098333	 4818.494539	 0.935000	 0.081667	 4664.564005	 0.081667	 4817.901919	 0.938333	 0.071667	 
232.500000	 4730.725004	 0.095000	 4754.400624	 0.951667	 0.071667	 4665.108027	 0.081667	 4816.862017	 0.938333	 0.071667	 
233.000000	 4660.693943	 0.085000	 4729.498422	 0.955000	 0.065000	 4665.021696	 0.081667	 4815.362432	 0.938333	 0.071667	 
233.500000	 4614.047551	 0.075000	 4716.369204	 0.955000	 0.060000	 4664.181129	 0.081667	 4813.747648	 0.938333	 0.071667	 
234.000000	 4578.069892	 0.071667	 4717.728045	 0.945000	 0.063333	 4662.810920	 0.081667	 4812.341160	 0.938333	 0.071667	 
234.500000	 4569.089565	 0.081667	 4760.096942	 0.935000	 0.073333	 4661.472043	 0.081667	 4811.580852	 0.938333	 0.071667	 
235.000000	 4597.755769	 0.088333	 4789.580527	 0.941667	 0.073333	 4660.524304	 0.081667	 4811.267494	 0.938333	 0.071667	 
235.500000	 4626.673959	 0.081667	 4816.790158	 0.938333	 0.071667	 4660.054160	 0.081667	 4811.344197	 0.938333	 0.071667	 
236.000000	 4629.954577	 0.088333	 4861.058642	 0.938333	 0.075000	 4659.571463	 0.081667	 4812.025217	 0.938333	 0.071667	 
236.500000	 4623.677961	 0.095000	 4908.078470	 0.935000	 0.080000	 4658.779260	 0.081667	 4813.289330	 0.938333	 0.071667	 
237.000000	 4595.927068	 0.091667	 4948.431556	 0.938333	 0.076667	 4657.760701	 0.081667	 4815.091226	 0.938333	 0.071667	 
237.500000	 4566.249807	 0.075000	 4944.473715	 0.938333	 0.068333	 4656.499708	 0.081667	 4816.793628	 0.938333	 0.071667	 
238.000000	 4613.033236	 0.055000	 4944.812824	 0.938333	 0.058333	 4655.389153	 0.081667	 4818.456214	 0.938333	 0.071667	 
238.500000	 4694.079118	 0.055000	 4929.958673	 0.941667	 0.056667	 4654.766979	 0.081667	 4819.862719	 0.938333	 0.071667	 
239.000000	 4771.326551	 0.055000	 4903.572291	 0.941667	 0.056667	 4655.007084	 0.081667	 4820.904145	 0.938333	 0.071667	 
239.500000	 4820.725094	 0.058333	 4911.777834	 0.935000	 0.061667	 4656.414891	 0.081667	 4822.034825	 0.938333	 0.071667	 
240.000000	 4871.296118	 0.065000	 4946.352369	 0.925000	 0.070000	 4658.744090	 0.081667	 4823.369427	 0.938333	 0.071667	 
240.500000	 4913.622932	 0.065000	 4989.497695	 0.928333	 0.068333	 4661.221100	 0.081667	 4825.105283	 0.938333	 0.071667	 
241.000000	 4931.717308	 0.058333	 5007.167034	 0.928333	 0.065000	 4663.307202	 0.081667	 4827.078467	 0.938333	 0.071667	 
241.500000	 4932.131213	 0.051667	 5007.852315	 0.928333	 0.061667	 4664.905408	 0.081667	 4829.062128	 0.938333	 0.071667	 
242.000000	 4904.175150	 0.048333	 4990.267359	 0.935000	 0.056667	 4666.230684	 0.081667	 4830.893734	 0.938333	 0.071667	 
242.500000	 4868.679410	 0.051667	 4922.808042	 0.935000	 0.058333	 4667.601076	 0.078333	 4831.954707	 0.938333	 0.070000	 
243.000000	 4856.650415	 0.055000	 4829.216680	 0.941667	 0.056667	 4669.339124	 0.078333	 4831.909407	 0.938333	 0.070000	 
243.500000	 4885.883224	 0.058333	 4746.302985	 0.935000	 0.061667	 4671.247798	 0.078333	 4830.918641	 0.938333	 0.070000	 
244.000000	 4932.639531	 0.055000	 4700.853742	 0.931667	 0.061667	 4673.292054	 0.078333	 4829.414778	 0.938333	 0.070000	 
244.500000	 4972.164301	 0.055000	 4670.288437	 0.931667	 0.061667	 4675.596136	 0.078333	 4827.548079	 0.938333	 0.070000	 
245.000000	 4987.169141	 0.051667	 4648.190079	 0.925000	 0.063333	 4678.201109	 0.078333	 4825.294393	 0.938333	 0.070000	 
245.500000	 4991.115578	 0.065000	 4662.814205	 0.911667	 0.076667	 4681.134131	 0.078333	 4822.739850	 0.938333	 0.070000	 
246.000000	 5007.879603	 0.068333	 4647.677957	 0.918333	 0.075000	 4684.400083	 0.078333	 4820.228857	 0.938333	 0.070000	 
246.500000	 5028.882930	 0.071667	 4626.253050	 0.925000	 0.073333	 4688.003282	 0.078333	 4817.928536	 0.938333	 0.070000	 
247.000000	 5009.468620	 0.068333	 4654.425728	 0.928333	 0.070000	 4691.142718	 0.078333	 4816.139427	 0.938333	 0.070000	 
247.500000	 4964.707895	 0.058333	 4747.039690	 0.931667	 0.063333	 4693.341328	 0.078333	 4815.341744	 0.938333	 0.070000	 
248.000000	 4945.991554	 0.051667	 4851.786900	 0.935000	 0.058333	 4694.998053	 0.078333	 4815.665411	 0.938333	 0.070000	 
248.500000	 4943.492938	 0.051667	 4908.517213	 0.938333	 0.056667	 4696.667143	 0.078333	 4816.612878	 0.938333	 0.070000	 
249.000000	 4950.286482	 0.055000	 4932.533116	 0.935000	 0.060000	 4698.693938	 0.078333	 4817.766053	 0.938333	 0.070000	 
249.500000	 4974.596809	 0.058333	 4927.466242	 0.935000	 0.061667	 4700.924007	 0.078333	 4818.842844	 0.938333	 0.070000	 
250.000000	 4994.556081	 0.061667	 4881.728557	 0.941667	 0.060000	 4703.484346	 0.075000	 4819.436065	 0.938333	 0.068333	 
