#time   KE       internal potential normalisedEnergy  max w max theta
0  0  0  0  0  0  301.994
2  -7.41202e-27  -8.09151e-08  8.06124e-08  -3.02699e-10  0.115253  301.994
4  -4.4551e-26  -3.23585e-07  3.22556e-07  -1.02924e-09  0.196833  301.994
6  2.33323e-26  -7.27938e-07  7.25834e-07  -2.1037e-09  0.247825  301.994
8  -5.65905e-26  -1.2925e-06  1.28894e-06  -3.56236e-09  0.288283  301.994
10  2.22788e-25  -2.0106e-06  2.00528e-06  -5.31747e-09  0.337422  301.994
12  1.13598e-25  -2.86481e-06  2.8577e-06  -7.10606e-09  0.399412  301.994
14  -3.53951e-25  -3.82271e-06  3.81402e-06  -8.6837e-09  0.46686  301.994
16  -3.02108e-25  -4.8385e-06  4.8284e-06  -1.00984e-08  0.532323  301.994
18  -1.35973e-25  -5.86232e-06  5.85055e-06  -1.17704e-08  0.594374  301.995
20  4.05516e-25  -6.85358e-06  6.83936e-06  -1.42143e-08  0.655162  301.995
22  1.12768e-25  -7.79081e-06  7.77319e-06  -1.76216e-08  0.715806  301.995
24  -3.36147e-25  -8.67215e-06  8.65041e-06  -2.17396e-08  0.775232  301.995
26  -5.42308e-25  -9.50699e-06  9.48089e-06  -2.61008e-08  0.832214  301.995
28  -4.24578e-25  -1.03052e-05  1.02749e-05  -3.03703e-08  0.887378  301.995
30  1.28512e-24  -1.10709e-05  1.10364e-05  -3.45451e-08  0.943252  301.995
32  -8.85532e-25  -1.18025e-05  1.17637e-05  -3.88888e-08  1.00278  301.996
34  -1.77694e-24  -1.24971e-05  1.24534e-05  -4.36609e-08  1.06754  301.996
36  -2.52242e-24  -1.31534e-05  1.31045e-05  -4.893e-08  1.13671  301.996
38  1.20619e-25  -1.37727e-05  1.37181e-05  -5.45928e-08  1.20734  301.996
40  3.56646e-24  -1.4357e-05  1.42964e-05  -6.05131e-08  1.27597  301.996
42  -6.66088e-26  -1.49075e-05  1.48409e-05  -6.66338e-08  1.3407  301.996
44  -3.14786e-24  -1.54249e-05  1.5352e-05  -7.29898e-08  1.40222  301.996
46  -2.84622e-25  -1.59093e-05  1.58297e-05  -7.96538e-08  1.46299  301.997
48  4.00816e-24  -1.63611e-05  1.62744e-05  -8.66704e-08  1.52528  301.997
50  -1.91616e-24  -1.67807e-05  1.66867e-05  -9.40317e-08  1.58962  301.997
52  4.19724e-24  -1.71686e-05  1.70669e-05  -1.01701e-07  1.65488  301.997
54  8.44739e-24  -1.75241e-05  1.74145e-05  -1.09653e-07  1.71948  301.997
56  -3.22481e-24  -1.78457e-05  1.77279e-05  -1.17875e-07  1.78269  301.997
58  6.20075e-24  -1.81304e-05  1.80041e-05  -1.26359e-07  1.84488  301.997
60  -1.11735e-24  -1.83736e-05  1.82385e-05  -1.35098e-07  1.90683  301.997
62  -3.51064e-24  -1.85693e-05  1.84252e-05  -1.44091e-07  1.96893  301.997
64  2.04789e-24  -1.87107e-05  1.85573e-05  -1.53353e-07  2.03099  301.997
66  7.72655e-24  -1.87909e-05  1.8628e-05  -1.62918e-07  2.09273  301.996
68  7.06655e-24  -1.88048e-05  1.8632e-05  -1.72825e-07  2.15419  301.996
70  1.14329e-23  -1.87498e-05  1.85667e-05  -1.83096e-07  2.21589  301.996
72  -1.52785e-23  -1.86263e-05  1.84326e-05  -1.93732e-07  2.27842  301.996
74  1.6495e-23  -1.84378e-05  1.8233e-05  -2.0472e-07  2.34205  301.995
76  -2.67026e-24  -1.81891e-05  1.7973e-05  -2.16044e-07  2.40659  301.995
78  -4.51918e-24  -1.78852e-05  1.76575e-05  -2.27671e-07  2.47147  301.994
80  5.45679e-24  -1.75302e-05  1.72907e-05  -2.3956e-07  2.53603  301.994
82  -1.24829e-23  -1.7127e-05  1.68753e-05  -2.51691e-07  2.59976  301.995
84  7.51162e-24  -1.66781e-05  1.6414e-05  -2.64098e-07  2.66251  301.995
86  6.74784e-24  -1.61874e-05  1.59105e-05  -2.76832e-07  2.72479  301.996
88  9.13039e-24  -1.56606e-05  1.53707e-05  -2.89909e-07  2.78696  301.996
90  -2.54323e-25  -1.51058e-05  1.48025e-05  -3.03291e-07  2.84938  301.996
92  -1.93587e-23  -1.4532e-05  1.42151e-05  -3.16933e-07  2.91236  301.997
94  -2.44944e-23  -1.39479e-05  1.36171e-05  -3.3083e-07  2.97584  301.997
96  4.3801e-25  -1.33601e-05  1.30151e-05  -3.44993e-07  3.03946  301.997
98  -1.12252e-23  -1.2772e-05  1.24126e-05  -3.59418e-07  3.1028  301.997
100  3.49572e-23  -1.2184e-05  1.18099e-05  -3.74094e-07  3.16564  301.997
102  2.44109e-24  -1.1594e-05  1.1205e-05  -3.89056e-07  3.22803  301.997
104  2.68254e-23  -1.09993e-05  1.0595e-05  -4.04364e-07  3.29023  301.996
106  1.41153e-23  -1.03971e-05  9.9771e-06  -4.20035e-07  3.35241  301.996
108  6.94934e-24  -9.78582e-06  9.34979e-06  -4.36032e-07  3.41455  301.995
110  1.6277e-23  -9.16537e-06  8.71305e-06  -4.52317e-07  3.47641  301.995
112  4.62759e-23  -8.53722e-06  8.06833e-06  -4.68883e-07  3.53769  301.994
114  -2.14161e-23  -7.9036e-06  7.41787e-06  -4.85735e-07  3.59819  301.995
116  -2.60595e-23  -7.26668e-06  6.76382e-06  -5.02863e-07  3.65796  301.995
118  -1.9591e-23  -6.62796e-06  6.10771e-06  -5.20254e-07  3.71723  301.996
120  1.95691e-23  -5.98846e-06  5.45055e-06  -5.3791e-07  3.77638  301.996
122  -3.34267e-23  -5.34951e-06  4.79365e-06  -5.55853e-07  3.83583  301.997
124  1.17793e-23  -4.71416e-06  4.14006e-06  -5.74103e-07  3.89599  301.997
126  5.23305e-23  -4.08865e-06  3.49598e-06  -5.92671e-07  3.95724  301.997
128  -3.05932e-24  -3.4834e-06  2.87183e-06  -6.11573e-07  4.01975  301.997
130  2.79684e-23  -2.91358e-06  2.28278e-06  -6.30801e-07  4.08346  301.996
132  -2.48286e-23  -2.39901e-06  1.74864e-06  -6.50366e-07  4.1479  301.996
134  1.39391e-23  -1.96359e-06  1.29333e-06  -6.70268e-07  4.21231  301.995
136  1.58709e-23  -1.63417e-06  9.43663e-07  -6.9051e-07  4.27586  301.994
138  3.73859e-24  -1.43852e-06  7.27426e-07  -7.11091e-07  4.33796  301.994
140  1.55673e-23  -1.40241e-06  6.70413e-07  -7.31995e-07  4.39857  301.995
142  -5.58896e-24  -1.54601e-06  7.92829e-07  -7.53184e-07  4.45834  301.996
144  3.34806e-23  -1.88029e-06  1.10568e-06  -7.74603e-07  4.51958  301.996
146  -1.09864e-23  -2.40449e-06  1.60828e-06  -7.96202e-07  4.58237  301.997
148  4.25996e-23  -3.10572e-06  2.28776e-06  -8.17959e-07  4.64737  301.997
150  1.37376e-23  -3.96095e-06  3.12104e-06  -8.39905e-07  4.71442  301.997
152  2.67275e-23  -4.94097e-06  4.07885e-06  -8.62121e-07  4.7825  301.996
154  -4.41887e-23  -6.01513e-06  5.13043e-06  -8.84698e-07  4.85011  301.996
156  -8.92545e-24  -7.15524e-06  6.24754e-06  -9.07696e-07  4.91577  301.995
158  -4.23042e-23  -8.33746e-06  7.40634e-06  -9.31114e-07  4.97865  301.994
160  2.06415e-23  -9.54155e-06  8.58666e-06  -9.54887e-07  5.03882  301.994
162  8.00224e-23  -1.07483e-05  9.76938e-06  -9.78909e-07  5.09725  301.995
164  -1.21901e-23  -1.19364e-05  1.09333e-05  -1.00308e-06  5.15526  301.996
166  8.11319e-23  -1.30811e-05  1.20537e-05  -1.02735e-06  5.21391  301.996
168  2.98263e-23  -1.4155e-05  1.31033e-05  -1.05175e-06  5.27344  301.997
170  5.07296e-23  -1.51327e-05  1.40564e-05  -1.07639e-06  5.3331  301.996
172  -8.75164e-23  -1.59959e-05  1.48945e-05  -1.10142e-06  5.39139  301.996
174  1.10952e-23  -1.67382e-05  1.56113e-05  -1.12698e-06  5.44674  301.996
176  -8.90813e-23  -1.73673e-05  1.62142e-05  -1.1531e-06  5.49829  301.995
178  3.49756e-23  -1.79019e-05  1.67222e-05  -1.17969e-06  5.54636  301.993
180  1.80426e-23  -1.83663e-05  1.71597e-05  -1.2066e-06  5.59265  301.994
182  -5.46715e-23  -1.87826e-05  1.7549e-05  -1.23367e-06  5.64089  301.995
184  -3.92715e-23  -1.9165e-05  1.79042e-05  -1.26078e-06  5.69293  301.996
186  2.31541e-23  -1.95165e-05  1.82286e-05  -1.28793e-06  5.7497  301.996
188  -5.11156e-23  -1.98314e-05  1.85162e-05  -1.3152e-06  5.81098  301.996
190  3.04699e-23  -2.00992e-05  1.87565e-05  -1.34274e-06  5.87492  301.996
192  2.17088e-23  -2.03107e-05  1.894e-05  -1.37068e-06  5.93876  301.995
194  -9.87858e-24  -2.04615e-05  1.90624e-05  -1.39908e-06  6.00013  301.994
196  -5.23185e-23  -2.05538e-05  1.91259e-05  -1.42793e-06  6.05806  301.993
198  3.38686e-23  -2.05944e-05  1.91372e-05  -1.45716e-06  6.11348  301.995
200  5.47879e-24  -2.05914e-05  1.91047e-05  -1.48665e-06  6.16865  301.996
202  3.70628e-23  -2.05508e-05  1.90345e-05  -1.51631e-06  6.22597  301.996
204  9.02721e-23  -2.04742e-05  1.89281e-05  -1.5461e-06  6.2866  301.996
206  -2.80092e-23  -2.03588e-05  1.87827e-05  -1.57606e-06  6.34981  301.996
208  -8.40212e-24  -2.01982e-05  1.8592e-05  -1.60625e-06  6.41316  301.995
210  -4.52028e-23  -1.99858e-05  1.8349e-05  -1.63675e-06  6.47364  301.994
212  -9.47354e-24  -1.97163e-05  1.80487e-05  -1.66758e-06  6.52906  301.993
214  1.86511e-23  -1.93877e-05  1.7689e-05  -1.69877e-06  6.57899  301.994
216  -1.84283e-22  -1.90017e-05  1.72714e-05  -1.73028e-06  6.62608  301.995
218  -5.17665e-23  -1.85624e-05  1.68003e-05  -1.76209e-06  6.67278  301.996
220  -7.62335e-23  -1.80754e-05  1.62812e-05  -1.79418e-06  6.72035  301.996
222  -3.95731e-23  -1.75467e-05  1.57202e-05  -1.82652e-06  6.77038  301.996
224  1.17519e-22  -1.69823e-05  1.51232e-05  -1.85912e-06  6.82319  301.995
226  -1.29257e-22  -1.63886e-05  1.44967e-05  -1.89199e-06  6.87807  301.993
228  -5.95489e-23  -1.57727e-05  1.38476e-05  -1.92513e-06  6.93378  301.993
230  5.99471e-23  -1.51425e-05  1.3184e-05  -1.95853e-06  6.98923  301.994
232  -6.26062e-25  -1.45065e-05  1.25143e-05  -1.99216e-06  7.04381  301.995
234  -7.41729e-23  -1.38724e-05  1.18464e-05  -2.026e-06  7.09741  301.996
236  1.23649e-22  -1.32469e-05  1.11869e-05  -2.06003e-06  7.15027  301.996
238  3.21597e-23  -1.26348e-05  1.05406e-05  -2.09427e-06  7.20264  301.995
240  3.00988e-22  -1.204e-05  9.91118e-06  -2.12878e-06  7.25462  301.994
242  -4.1288e-23  -1.14655e-05  9.3019e-06  -2.1636e-06  7.3061  301.992
244  4.50385e-23  -1.09147e-05  8.71594e-06  -2.19874e-06  7.35685  301.994
246  -3.03341e-24  -1.03906e-05  8.15646e-06  -2.23416e-06  7.40665  301.995
248  -5.32384e-23  -9.89568e-06  7.62584e-06  -2.26984e-06  7.45727  301.995
250  -9.25839e-24  -9.43041e-06  7.1247e-06  -2.30571e-06  7.50788  301.995
252  7.93675e-23  -8.99318e-06  6.65143e-06  -2.34175e-06  7.55775  301.995
254  5.80643e-23  -8.58048e-06  6.20252e-06  -2.37796e-06  7.60715  301.993
256  3.4101e-23  -8.18807e-06  5.77368e-06  -2.41439e-06  7.65625  301.991
258  7.25993e-23  -7.81248e-06  5.36135e-06  -2.45113e-06  7.70505  301.993
260  -2.3716e-23  -7.45223e-06  4.96403e-06  -2.4882e-06  7.75333  301.995
262  -1.94088e-23  -7.10851e-06  4.58289e-06  -2.52562e-06  7.80074  301.995
264  -2.05781e-22  -6.78497e-06  4.22166e-06  -2.56331e-06  7.84693  301.995
266  1.15451e-23  -6.48717e-06  3.88596e-06  -2.60122e-06  7.89172  301.994
268  -3.50071e-23  -6.22176e-06  3.58248e-06  -2.63929e-06  7.93515  301.993
270  4.91378e-23  -5.99593e-06  3.3184e-06  -2.67753e-06  7.97757  301.991
272  9.11247e-24  -5.81735e-06  3.10139e-06  -2.71596e-06  8.01956  301.993
274  6.01782e-23  -5.6946e-06  2.94001e-06  -2.75459e-06  8.06181  301.994
276  -1.09686e-22  -5.63799e-06  2.84453e-06  -2.79346e-06  8.10503  301.995
278  1.23481e-22  -5.66025e-06  2.82762e-06  -2.83262e-06  8.151  301.994
280  6.98111e-23  -5.77665e-06  2.90456e-06  -2.87209e-06  8.20016  301.993
282  -2.14297e-22  -6.00443e-06  3.09255e-06  -2.91187e-06  8.2509  301.991
284  1.01341e-22  -6.36106e-06  3.40913e-06  -2.95192e-06  8.30264  301.991
286  2.34191e-23  -6.86195e-06  3.86976e-06  -2.9922e-06  8.35458  301.993
288  -1.15435e-22  -7.51773e-06  4.48507e-06  -3.03265e-06  8.40582  301.994
290  -8.38393e-23  -8.33168e-06  5.25841e-06  -3.07327e-06  8.45559  301.994
292  6.43986e-23  -9.29812e-06  6.1841e-06  -3.11402e-06  8.50336  301.993
294  4.775e-23  -1.04017e-05  7.24684e-06  -3.15489e-06  8.54891  301.992
296  -6.80782e-23  -1.16183e-05  8.4224e-06  -3.19589e-06  8.59228  301.989
298  9.91585e-24  -1.29165e-05  9.67942e-06  -3.23705e-06  8.63364  301.992
300  -1.07939e-22  -1.42604e-05  1.0982e-05  -3.2784e-06  8.67323  301.993
302  -1.47658e-22  -1.5613e-05  1.2293e-05  -3.31994e-06  8.71128  301.994
304  -1.08031e-22  -1.69386e-05  1.35768e-05  -3.36172e-06  8.74803  301.993
306  1.25014e-22  -1.82059e-05  1.48021e-05  -3.40374e-06  8.78373  301.992
308  2.65557e-22  -1.93895e-05  1.59435e-05  -3.446e-06  8.81874  301.99
310  3.91149e-23  -2.04704e-05  1.6982e-05  -3.48849e-06  8.85585  301.99
312  2.07133e-23  -2.14358e-05  1.79046e-05  -3.5312e-06  8.8926  301.992
314  2.53367e-23  -2.22776e-05  1.87035e-05  -3.57408e-06  8.92905  301.993
316  9.10593e-23  -2.29911e-05  1.9374e-05  -3.61711e-06  8.96519  301.993
318  -7.88336e-23  -2.35745e-05  1.99143e-05  -3.66024e-06  9.00103  301.992
320  1.28143e-22  -2.40284e-05  2.03249e-05  -3.7035e-06  9.03667  301.99
322  5.88869e-23  -2.43564e-05  2.06095e-05  -3.74694e-06  9.07225  301.988
324  6.45447e-23  -2.45668e-05  2.07761e-05  -3.79065e-06  9.10786  301.991
326  5.87306e-23  -2.46722e-05  2.08375e-05  -3.83468e-06  9.14353  301.992
328  -1.95431e-22  -2.46903e-05  2.08113e-05  -3.87905e-06  9.17906  301.992
330  -1.86156e-22  -2.46416e-05  2.07179e-05  -3.9237e-06  9.21411  301.991
332  -4.42373e-22  -2.45463e-05  2.05778e-05  -3.96853e-06  9.2483  301.989
334  1.01736e-22  -2.44208e-05  2.04073e-05  -4.01345e-06  9.28135  301.986
336  -1.25005e-22  -2.42745e-05  2.02161e-05  -4.05839e-06  9.31318  301.989
338  1.45421e-22  -2.41085e-05  2.00052e-05  -4.10331e-06  9.34395  301.991
340  1.17979e-22  -2.39163e-05  1.9768e-05  -4.14827e-06  9.37405  301.991
342  7.21326e-23  -2.36868e-05  1.94935e-05  -4.19333e-06  9.40431  301.991
344  -2.6494e-23  -2.34095e-05  1.91709e-05  -4.23862e-06  9.43678  301.989
346  1.3243e-22  -2.30779e-05  1.87937e-05  -4.28421e-06  9.46973  301.986
348  -7.44087e-23  -2.26922e-05  1.83621e-05  -4.33011e-06  9.5032  301.987
350  -2.26601e-22  -2.22594e-05  1.78832e-05  -4.37626e-06  9.53706  301.989
352  2.42753e-22  -2.17907e-05  1.73681e-05  -4.42255e-06  9.57105  301.99
354  -1.14222e-22  -2.12972e-05  1.68283e-05  -4.4689e-06  9.60494  301.99
356  -1.90092e-22  -2.07869e-05  1.62716e-05  -4.51525e-06  9.63857  301.988
358  7.1655e-23  -2.02617e-05  1.57001e-05  -4.5616e-06  9.67191  301.985
360  -3.99217e-23  -1.97187e-05  1.51107e-05  -4.60802e-06  9.70504  301.985
362  2.3941e-22  -1.91523e-05  1.44977e-05  -4.65461e-06  9.73802  301.988
364  -6.04247e-23  -1.85581e-05  1.38566e-05  -4.70147e-06  9.77078  301.989
366  2.29661e-22  -1.79359e-05  1.31873e-05  -4.74862e-06  9.80305  301.989
368  -1.6609e-22  -1.72915e-05  1.24955e-05  -4.79602e-06  9.8344  301.988
370  3.2358e-22  -1.66362e-05  1.17926e-05  -4.84358e-06  9.86431  301.985
372  2.30041e-22  -1.59839e-05  1.10927e-05  -4.8912e-06  9.89236  301.982
374  -9.98157e-23  -1.53487e-05  1.04098e-05  -4.93882e-06  9.91835  301.986
376  -3.09235e-22  -1.47419e-05  9.75549e-06  -4.98642e-06  9.94238  301.988
378  2.12707e-22  -1.4171e-05  9.13702e-06  -5.034e-06  9.96483  301.988
380  -1.78382e-22  -1.36399e-05  8.55823e-06  -5.08162e-06  9.98735  301.987
382  1.44247e-22  -1.315e-05  8.02065e-06  -5.12936e-06  10.0103  301.984
384  3.10283e-22  -1.27025e-05  7.52523e-06  -5.17727e-06  10.0334  301.98
386  -3.12468e-22  -1.22988e-05  7.0734e-06  -5.22537e-06  10.0572  301.983
388  1.47818e-22  -1.19409e-05  6.66727e-06  -5.27365e-06  10.082  301.986
390  2.00314e-22  -1.16311e-05  6.30906e-06  -5.32207e-06  10.1082  301.987
392  8.55104e-23  -1.13707e-05  6.00012e-06  -5.3706e-06  10.1357  301.986
394  2.82329e-22  -1.11594e-05  5.74018e-06  -5.41919e-06  10.1644  301.983
396  1.34123e-22  -1.09951e-05  5.52722e-06  -5.46784e-06  10.1936  301.979
398  -4.68551e-22  -1.08744e-05  5.35781e-06  -5.51656e-06  10.2224  301.981
400  -3.10778e-24  -1.07933e-05  5.22792e-06  -5.56537e-06  10.2503  301.984
402  1.67862e-23  -1.0748e-05  5.13373e-06  -5.61428e-06  10.2767  301.985
404  -7.1985e-23  -1.07355e-05  5.07225e-06  -5.6633e-06  10.3015  301.984
406  -2.32731e-22  -1.07541e-05  5.04166e-06  -5.7124e-06  10.325  301.982
408  -1.92326e-22  -1.0803e-05  5.04147e-06  -5.76156e-06  10.3477  301.978
410  -5.33406e-23  -1.08834e-05  5.07261e-06  -5.81078e-06  10.3701  301.977
412  -9.18894e-23  -1.09977e-05  5.13762e-06  -5.86004e-06  10.3925  301.981
414  -3.32412e-22  -1.11502e-05  5.24085e-06  -5.90935e-06  10.4149  301.983
416  -1.49438e-22  -1.13473e-05  5.38857e-06  -5.95873e-06  10.4371  301.983
418  -1.11208e-22  -1.1597e-05  5.58885e-06  -6.00817e-06  10.4589  301.981
420  -9.12605e-23  -1.19088e-05  5.85108e-06  -6.05768e-06  10.4801  301.977
422  -1.59852e-22  -1.22926e-05  6.18531e-06  -6.10725e-06  10.5009  301.973
424  -1.53757e-22  -1.27583e-05  6.60139e-06  -6.15687e-06  10.5219  301.978
426  -3.60018e-24  -1.33148e-05  7.10825e-06  -6.20654e-06  10.5448  301.981
428  -1.12225e-22  -1.39696e-05  7.7133e-06  -6.25626e-06  10.5683  301.981
430  -1.60277e-22  -1.47281e-05  8.42201e-06  -6.30604e-06  10.5928  301.98
432  -2.38765e-22  -1.55933e-05  9.23738e-06  -6.35589e-06  10.6181  301.976
434  -9.00898e-23  -1.6565e-05  1.01592e-05  -6.40581e-06  10.6438  301.971
436  -3.62325e-22  -1.76388e-05  1.1183e-05  -6.45578e-06  10.6695  301.973
438  -1.64046e-22  -1.88045e-05  1.22987e-05  -6.5058e-06  10.6945  301.977
440  3.58628e-23  -2.00454e-05  1.34896e-05  -6.55583e-06  10.7186  301.979
442  -9.25115e-23  -2.13374e-05  1.47316e-05  -6.60586e-06  10.7415  301.978
444  -3.87429e-23  -2.26499e-05  1.59941e-05  -6.65583e-06  10.7634  301.976
446  5.0689e-23  -2.39473e-05  1.72415e-05  -6.70574e-06  10.7843  301.971
448  -2.26663e-22  -2.51917e-05  1.84361e-05  -6.75558e-06  10.8046  301.968
450  5.5193e-23  -2.63468e-05  1.95414e-05  -6.80541e-06  10.8242  301.973
452  -1.84882e-22  -2.73807e-05  2.05254e-05  -6.85527e-06  10.843  301.976
454  -4.52438e-22  -2.82687e-05  2.13635e-05  -6.90519e-06  10.8609  301.977
456  -1.63755e-22  -2.89948e-05  2.20396e-05  -6.95523e-06  10.8775  301.975
458  2.37939e-22  -2.95519e-05  2.25466e-05  -7.00538e-06  10.8926  301.97
460  2.59774e-22  -2.9941e-05  2.28854e-05  -7.05563e-06  10.9064  301.964
462  -1.40867e-22  -3.01693e-05  2.30634e-05  -7.10593e-06  10.9191  301.968
464  5.23676e-22  -3.02487e-05  2.30924e-05  -7.15626e-06  10.9314  301.972
466  4.06436e-22  -3.01936e-05  2.2987e-05  -7.20659e-06  10.944  301.974
468  9.81905e-23  -3.00199e-05  2.2763e-05  -7.25689e-06  10.9575  301.973
470  9.97377e-23  -2.97441e-05  2.24369e-05  -7.30716e-06  10.9722  301.97
472  2.51454e-22  -2.93826e-05  2.20252e-05  -7.3574e-06  10.9883  301.964
474  2.9742e-23  -2.89521e-05  2.15445e-05  -7.40763e-06  11.0062  301.959
476  -6.1642e-22  -2.84689e-05  2.1011e-05  -7.45788e-06  11.026  301.966
478  -1.78861e-22  -2.79489e-05  2.04407e-05  -7.50817e-06  11.0462  301.97
480  -4.34523e-22  -2.74067e-05  1.98482e-05  -7.5585e-06  11.0663  301.971
482  2.62365e-22  -2.68547e-05  1.92458e-05  -7.60885e-06  11.0864  301.969
484  -1.96164e-22  -2.63014e-05  1.86422e-05  -7.65919e-06  11.1063  301.965
486  -2.11317e-22  -2.57508e-05  1.80413e-05  -7.70947e-06  11.1263  301.958
488  -3.55731e-22  -2.52024e-05  1.74427e-05  -7.7597e-06  11.1467  301.957
490  1.49804e-22  -2.46514e-05  1.68415e-05  -7.80985e-06  11.1676  301.964
492  2.29432e-23  -2.40907e-05  1.62307e-05  -7.85997e-06  11.1889  301.967
494  8.86267e-22  -2.35133e-05  1.56033e-05  -7.91007e-06  11.2103  301.967
496  -3.48687e-22  -2.29148e-05  1.49546e-05  -7.96019e-06  11.2312  301.964
498  3.13215e-22  -2.2295e-05  1.42846e-05  -8.01038e-06  11.251  301.959
500  6.80383e-22  -2.16589e-05  1.35983e-05  -8.06064e-06  11.269  301.953
502  -3.2204e-22  -2.10159e-05  1.2905e-05  -8.11094e-06  11.2849  301.954
504  2.07501e-22  -2.03774e-05  1.22161e-05  -8.16123e-06  11.2988  301.961
506  -1.59409e-22  -1.97541e-05  1.15427e-05  -8.21142e-06  11.3115  301.963
508  4.87283e-22  -1.91541e-05  1.08927e-05  -8.26146e-06  11.324  301.963
510  -2.01504e-22  -1.85809e-05  1.02696e-05  -8.3113e-06  11.3378  301.959
512  -3.25176e-22  -1.80341e-05  9.67315e-06  -8.36093e-06  11.3539  301.953
514  -1.3314e-22  -1.75112e-05  9.10078e-06  -8.4104e-06  11.3729  301.948
516  -2.61459e-22  -1.70103e-05  8.55053e-06  -8.45981e-06  11.3947  301.95
518  1.83017e-22  -1.65329e-05  8.02364e-06  -8.50928e-06  11.4182  301.956
520  -3.38537e-22  -1.60849e-05  7.52602e-06  -8.55889e-06  11.4418  301.959
522  -1.08139e-22  -1.56767e-05  7.06806e-06  -8.60862e-06  11.4641  301.958
524  -5.98516e-23  -1.53211e-05  6.66268e-06  -8.65843e-06  11.4856  301.954
526  3.07524e-22  -1.50305e-05  6.32233e-06  -8.70821e-06  11.5042  301.948
528  -3.44875e-22  -1.48139e-05  6.05599e-06  -8.75787e-06  11.5201  301.943
530  -1.9875e-22  -1.46745e-05  5.86717e-06  -8.80736e-06  11.5341  301.944
532  1.0271e-21  -1.46102e-05  5.75352e-06  -8.85669e-06  11.5474  301.95
534  3.85023e-22  -1.46141e-05  5.70817e-06  -8.9059e-06  11.561  301.953
536  -4.08162e-22  -1.46772e-05  5.72211e-06  -8.95506e-06  11.5754  301.952
538  -1.95175e-22  -1.47909e-05  5.78669e-06  -9.00423e-06  11.5909  301.948
540  4.12147e-22  -1.49489e-05  5.89546e-06  -9.05343e-06  11.6072  301.943
542  4.10181e-22  -1.51473e-05  6.04469e-06  -9.10265e-06  11.6237  301.938
544  -1.73926e-22  -1.53845e-05  6.23271e-06  -9.15183e-06  11.64  301.936
546  1.20541e-22  -1.56594e-05  6.45849e-06  -9.20088e-06  11.656  301.943
548  -8.61021e-22  -1.59701e-05  6.72034e-06  -9.24976e-06  11.6716  301.946
550  1.03674e-22  -1.63137e-05  7.0152e-06  -9.29847e-06  11.6871  301.946
552  3.74943e-22  -1.6686e-05  7.33895e-06  -9.34702e-06  11.7031  301.942
554  -4.74868e-22  -1.7083e-05  7.68753e-06  -9.39548e-06  11.7199  301.937
556  -2.20313e-22  -1.75023e-05  8.05835e-06  -9.44392e-06  11.7379  301.933
558  -5.35236e-23  -1.79439e-05  8.4515e-06  -9.49239e-06  11.7569  301.929
560  8.95373e-23  -1.84111e-05  8.87017e-06  -9.54089e-06  11.7769  301.935
562  3.29535e-22  -1.89097e-05  9.32031e-06  -9.58939e-06  11.7976  301.939
564  2.3978e-22  -1.94474e-05  9.8096e-06  -9.6378e-06  11.8184  301.939
566  -2.24014e-22  -2.00323e-05  1.03462e-05  -9.68608e-06  11.8409  301.935
568  2.80953e-22  -2.06717e-05  1.09375e-05  -9.73419e-06  11.8638  301.931
570  9.88545e-23  -2.13717e-05  1.15896e-05  -9.78214e-06  11.8855  301.927
572  1.56065e-22  -2.21364e-05  1.23064e-05  -9.82994e-06  11.9059  301.923
574  -2.30424e-22  -2.29675e-05  1.30898e-05  -9.87765e-06  11.925  301.924
576  -5.58252e-22  -2.38643e-05  1.3939e-05  -9.92527e-06  11.9428  301.93
578  -1.31921e-21  -2.48232e-05  1.48504e-05  -9.97284e-06  11.9596  301.931
580  6.85818e-22  -2.58371e-05  1.58168e-05  -1.00204e-05  11.9757  301.928
582  1.41587e-22  -2.68947e-05  1.68269e-05  -1.00678e-05  11.9912  301.924
584  -4.19872e-23  -2.79802e-05  1.7865e-05  -1.01152e-05  12.0064  301.92
586  8.38339e-22  -2.90733e-05  1.89107e-05  -1.01625e-05  12.0211  301.916
588  5.06953e-22  -3.01492e-05  1.99395e-05  -1.02097e-05  12.0356  301.912
590  -7.85327e-22  -3.11801e-05  2.09234e-05  -1.02567e-05  12.0498  301.919
592  -8.19596e-22  -3.21359e-05  2.18323e-05  -1.03036e-05  12.064  301.922
594  5.88733e-23  -3.29862e-05  2.26359e-05  -1.03503e-05  12.0784  301.92
596  -3.20701e-22  -3.37021e-05  2.33052e-05  -1.03969e-05  12.0932  301.917
598  -5.80999e-23  -3.42586e-05  2.38153e-05  -1.04433e-05  12.1083  301.913
600  -2.44152e-22  -3.46368e-05  2.4147e-05  -1.04898e-05  12.1237  301.909
602  3.25992e-22  -3.48255e-05  2.42893e-05  -1.05362e-05  12.1392  301.905
604  -1.86731e-22  -3.48228e-05  2.42402e-05  -1.05826e-05  12.1574  301.907
606  1.37529e-22  -3.46358e-05  2.40067e-05  -1.06291e-05  12.1748  301.911
608  -3.2191e-22  -3.42802e-05  2.36047e-05  -1.06755e-05  12.1911  301.911
610  9.64248e-23  -3.37782e-05  2.30565e-05  -1.07218e-05  12.2066  301.908
612  -6.03123e-23  -3.31563e-05  2.23885e-05  -1.07679e-05  12.2217  301.905
614  -1.18073e-22  -3.24422e-05  2.16284e-05  -1.08137e-05  12.2367  301.901
616  3.02214e-22  -3.16624e-05  2.0803e-05  -1.08594e-05  12.2523  301.898
618  2.34179e-23  -3.0841e-05  1.9936e-05  -1.0905e-05  12.2685  301.895
620  -2.57523e-22  -2.99979e-05  1.90475e-05  -1.09504e-05  12.2853  301.899
622  1.17872e-22  -2.91497e-05  1.81539e-05  -1.09958e-05  12.3023  301.901
624  -1.78019e-22  -2.83094e-05  1.72683e-05  -1.10412e-05  12.3192  301.9
626  5.1913e-22  -2.74873e-05  1.64008e-05  -1.10865e-05  12.3356  301.897
628  2.32258e-22  -2.66913e-05  1.55595e-05  -1.11318e-05  12.3513  301.893
630  -2.38435e-22  -2.59272e-05  1.47502e-05  -1.1177e-05  12.3664  301.89
632  -5.20347e-22  -2.51986e-05  1.39765e-05  -1.12221e-05  12.3813  301.886
634  -1.29546e-22  -2.45063e-05  1.32394e-05  -1.12669e-05  12.3964  301.884
636  5.49493e-23  -2.38487e-05  1.25371e-05  -1.13115e-05  12.4154  301.889
638  -7.36266e-23  -2.32219e-05  1.18659e-05  -1.1356e-05  12.437  301.89
640  -1.4951e-22  -2.26206e-05  1.12204e-05  -1.14002e-05  12.4596  301.887
642  -6.2748e-23  -2.20394e-05  1.05951e-05  -1.14442e-05  12.4829  301.884
644  3.85718e-22  -2.14743e-05  9.9861e-06  -1.14882e-05  12.5061  301.881
646  -1.11806e-22  -2.0924e-05  9.39198e-06  -1.15321e-05  12.5285  301.878
648  -4.621e-22  -2.0391e-05  8.81505e-06  -1.15759e-05  12.5494  301.875
650  -3.4486e-22  -1.98809e-05  8.26119e-06  -1.16198e-05  12.5684  301.874
652  2.15969e-22  -1.94026e-05  7.73909e-06  -1.16636e-05  12.5856  301.878
654  4.09152e-22  -1.8966e-05  7.25872e-06  -1.17073e-05  12.6011  301.878
656  8.46912e-23  -1.85802e-05  6.82941e-06  -1.17508e-05  12.6157  301.875
658  5.78598e-23  -1.82523e-05  6.45818e-06  -1.17942e-05  12.6299  301.872
660  3.51306e-23  -1.79859e-05  6.14867e-06  -1.18372e-05  12.6443  301.869
662  -3.32984e-24  -1.77812e-05  5.90106e-06  -1.18801e-05  12.6591  301.866
664  -1.16902e-22  -1.76357e-05  5.71298e-06  -1.19227e-05  12.6772  301.864
666  -3.44216e-22  -1.75464e-05  5.58122e-06  -1.19652e-05  12.6977  301.863
668  -9.02527e-22  -1.75111e-05  5.50353e-06  -1.20075e-05  12.7176  301.866
670  -8.59628e-22  -1.75299e-05  5.48005e-06  -1.20498e-05  12.7365  301.865
672  -7.12229e-22  -1.76058e-05  5.51374e-06  -1.2092e-05  12.7542  301.863
674  -2.96291e-22  -1.77437e-05  5.60957e-06  -1.21342e-05  12.7709  301.86
676  3.38123e-22  -1.7949e-05  5.77279e-06  -1.21762e-05  12.7869  301.857
678  -4.46387e-22  -1.82247e-05  6.00668e-06  -1.22181e-05  12.8026  301.854
680  5.64079e-23  -1.85703e-05  6.31055e-06  -1.22597e-05  12.8182  301.852
682  6.95698e-23  -1.898e-05  6.67878e-06  -1.23012e-05  12.834  301.852
684  2.81175e-23  -1.94438e-05  7.10117e-06  -1.23426e-05  12.8496  301.854
686  -7.00633e-22  -1.99485e-05  7.56461e-06  -1.23838e-05  12.8648  301.853
688  1.64973e-22  -2.04806e-05  8.0555e-06  -1.24251e-05  12.8791  301.85
690  -1.0965e-21  -2.10286e-05  8.56229e-06  -1.24663e-05  12.897  301.847
692  -7.70334e-24  -2.15847e-05  9.07724e-06  -1.25074e-05  12.915  301.845
694  1.08477e-23  -2.21455e-05  9.59696e-06  -1.25485e-05  12.932  301.842
696  -3.15233e-22  -2.27111e-05  1.01217e-05  -1.25894e-05  12.9481  301.839
698  1.00769e-21  -2.32837e-05  1.06536e-05  -1.26301e-05  12.9637  301.84
700  5.90056e-23  -2.38656e-05  1.11951e-05  -1.26705e-05  12.979  301.842
702  1.25839e-22  -2.44579e-05  1.17472e-05  -1.27107e-05  12.9941  301.84
704  -3.84721e-22  -2.50601e-05  1.23096e-05  -1.27506e-05  13.0089  301.837
706  -1.46054e-23  -2.56709e-05  1.28807e-05  -1.27902e-05  13.0235  301.835
708  3.18898e-22  -2.62892e-05  1.34595e-05  -1.28297e-05  13.0377  301.833
710  -5.78742e-22  -2.69157e-05  1.40465e-05  -1.28692e-05  13.0514  301.83
712  4.11502e-22  -2.75534e-05  1.4645e-05  -1.29085e-05  13.0681  301.827
714  3.60849e-22  -2.82078e-05  1.52601e-05  -1.29477e-05  13.0886  301.827
716  5.92263e-22  -2.8885e-05  1.58983e-05  -1.29868e-05  13.109  301.829
718  1.12374e-22  -2.95906e-05  1.65648e-05  -1.30258e-05  13.129  301.828
720  -4.73896e-22  -3.03269e-05  1.72622e-05  -1.30647e-05  13.1486  301.825
722  -3.45767e-22  -3.1092e-05  1.79885e-05  -1.31035e-05  13.1673  301.822
724  -3.2153e-22  -3.18788e-05  1.87365e-05  -1.31422e-05  13.1847  301.82
726  2.1862e-22  -3.26753e-05  1.94943e-05  -1.31809e-05  13.2003  301.818
728  2.01489e-22  -3.34653e-05  2.02458e-05  -1.32196e-05  13.2134  301.815
730  -1.34574e-23  -3.42298e-05  2.09717e-05  -1.32581e-05  13.2237  301.814
732  -3.00691e-23  -3.49477e-05  2.16511e-05  -1.32966e-05  13.2307  301.817
734  5.80473e-22  -3.55966e-05  2.22618e-05  -1.33349e-05  13.2415  301.815
736  1.3482e-22  -3.61538e-05  2.27809e-05  -1.33729e-05  13.2511  301.813
738  2.45439e-22  -3.65963e-05  2.31855e-05  -1.34108e-05  13.2582  301.81
740  -5.12694e-23  -3.69022e-05  2.34538e-05  -1.34484e-05  13.2634  301.808
742  5.9853e-23  -3.70518e-05  2.3566e-05  -1.34858e-05  13.2674  301.806
744  -2.82992e-22  -3.70293e-05  2.35062e-05  -1.35231e-05  13.2711  301.803
746  2.27478e-22  -3.68246e-05  2.32644e-05  -1.35602e-05  13.2754  301.802
748  1.7992e-22  -3.64354e-05  2.28381e-05  -1.35973e-05  13.2807  301.804
750  -4.41429e-22  -3.58676e-05  2.22332e-05  -1.36344e-05  13.2868  301.803
752  -1.6357e-22  -3.51358e-05  2.14645e-05  -1.36714e-05  13.2949  301.801
754  6.02576e-22  -3.42627e-05  2.05543e-05  -1.37084e-05  13.311  301.799
756  -5.64877e-23  -3.32768e-05  1.95315e-05  -1.37452e-05  13.326  301.797
758  -4.5267e-22  -3.22108e-05  1.84288e-05  -1.3782e-05  13.3391  301.795
760  -3.17756e-22  -3.10985e-05  1.72799e-05  -1.38186e-05  13.3499  301.791
762  5.83431e-22  -2.99727e-05  1.61176e-05  -1.38551e-05  13.3586  301.79
764  -5.24361e-23  -2.88624e-05  1.4971e-05  -1.38914e-05  13.3655  301.791
766  -9.80635e-22  -2.77917e-05  1.3864e-05  -1.39277e-05  13.3714  301.791
768  3.01993e-22  -2.67784e-05  1.28146e-05  -1.39638e-05  13.3768  301.789
770  5.04059e-22  -2.58344e-05  1.18347e-05  -1.39998e-05  13.3817  301.787
772  1.861e-23  -2.4966e-05  1.09304e-05  -1.40356e-05  13.3962  301.785
774  5.90049e-22  -2.41748e-05  1.01035e-05  -1.40713e-05  13.4104  301.783
776  1.27008e-22  -2.34594e-05  9.3525e-06  -1.41069e-05  13.4226  301.78
778  1.54471e-22  -2.28165e-05  8.67411e-06  -1.41424e-05  13.4323  301.779
780  -2.84921e-22  -2.22419e-05  8.06405e-06  -1.41779e-05  13.439  301.778
782  3.73827e-22  -2.1731e-05  7.51781e-06  -1.42132e-05  13.4425  301.779
784  -5.54577e-22  -2.12794e-05  7.03088e-06  -1.42485e-05  13.443  301.778
786  -3.15614e-22  -2.08825e-05  6.59885e-06  -1.42837e-05  13.4409  301.776
788  -3.1061e-22  -2.05361e-05  6.21743e-06  -1.43187e-05  13.4408  301.774
790  -3.03885e-22  -2.02363e-05  5.88274e-06  -1.43535e-05  13.447  301.771
792  1.01482e-22  -1.99799e-05  5.59167e-06  -1.43883e-05  13.4519  301.77
794  4.30995e-22  -1.97654e-05  5.34256e-06  -1.44228e-05  13.4557  301.768
796  -7.09352e-22  -1.9593e-05  5.13566e-06  -1.44573e-05  13.4586  301.765
798  -2.22717e-22  -1.94651e-05  4.97346e-06  -1.44917e-05  13.4604  301.767
800  6.71278e-22  -1.93864e-05  4.86037e-06  -1.4526e-05  13.4612  301.767
802  1.49617e-22  -1.93623e-05  4.80205e-06  -1.45603e-05  13.4609  301.765
804  2.7317e-22  -1.93987e-05  4.80425e-06  -1.45945e-05  13.4611  301.763
806  -2.79999e-22  -1.95001e-05  4.87151e-06  -1.46286e-05  13.4699  301.761
808  -6.55884e-23  -1.96686e-05  5.00611e-06  -1.46625e-05  13.4764  301.759
810  6.61454e-22  -1.99039e-05  5.20756e-06  -1.46964e-05  13.4799  301.757
812  -5.8349e-22  -2.02027e-05  5.47266e-06  -1.47301e-05  13.4799  301.755
814  9.92941e-22  -2.05601e-05  5.79635e-06  -1.47637e-05  13.4761  301.755
816  6.3515e-22  -2.09702e-05  6.17283e-06  -1.47973e-05  13.4687  301.756
818  -1.81298e-22  -2.14278e-05  6.59682e-06  -1.4831e-05  13.4578  301.754
820  3.12191e-22  -2.1929e-05  7.06442e-06  -1.48646e-05  13.447  301.752
822  -5.06149e-22  -2.24716e-05  7.57335e-06  -1.48983e-05  13.4439  301.75
824  -2.15468e-22  -2.30543e-05  8.12242e-06  -1.49319e-05  13.4391  301.748
826  7.36119e-22  -2.36757e-05  8.71034e-06  -1.49653e-05  13.4328  301.746
828  3.28386e-23  -2.4333e-05  9.3343e-06  -1.49987e-05  13.425  301.745
830  -3.90303e-22  -2.50205e-05  9.98873e-06  -1.50318e-05  13.4157  301.742
832  9.67753e-23  -2.57295e-05  1.06648e-05  -1.50647e-05  13.4046  301.744
834  -3.65798e-22  -2.64481e-05  1.13506e-05  -1.50975e-05  13.3915  301.743
836  3.57089e-22  -2.71629e-05  1.20328e-05  -1.51301e-05  13.3844  301.742
838  3.13796e-22  -2.7861e-05  1.26984e-05  -1.51626e-05  13.3799  301.74
840  -3.99002e-22  -2.8532e-05  1.33368e-05  -1.51952e-05  13.3733  301.738
842  -2.87462e-22  -2.91695e-05  1.39417e-05  -1.52278e-05  13.3644  301.736
844  3.72692e-22  -2.97724e-05  1.45119e-05  -1.52604e-05  13.3533  301.734
846  1.20194e-22  -3.03438e-05  1.50506e-05  -1.52931e-05  13.34  301.732
848  1.27208e-22  -3.08901e-05  1.55643e-05  -1.53258e-05  13.3246  301.732
850  1.22235e-22  -3.14188e-05  1.60603e-05  -1.53585e-05  13.3086  301.733
852  -5.997e-22  -3.19365e-05  1.65455e-05  -1.53911e-05  13.3017  301.732
854  6.25916e-22  -3.24478e-05  1.70242e-05  -1.54236e-05  13.2928  301.73
856  -1.306e-22  -3.29542e-05  1.74983e-05  -1.54559e-05  13.2818  301.728
858  -5.60676e-22  -3.34553e-05  1.79671e-05  -1.54882e-05  13.2689  301.727
860  6.31105e-22  -3.39495e-05  1.84291e-05  -1.55205e-05  13.2543  301.724
862  -6.77415e-22  -3.44348e-05  1.88821e-05  -1.55527e-05  13.2379  301.723
864  3.74799e-22  -3.49099e-05  1.9325e-05  -1.55849e-05  13.2196  301.72
866  -7.99311e-22  -3.53737e-05  1.97565e-05  -1.56172e-05  13.2096  301.722
868  7.74783e-22  -3.58243e-05  2.01748e-05  -1.56494e-05  13.199  301.722
870  -2.8836e-22  -3.62577e-05  2.05761e-05  -1.56816e-05  13.1848  301.72
872  -9.36437e-22  -3.66663e-05  2.09525e-05  -1.57137e-05  13.1663  301.719
874  3.04129e-22  -3.7038e-05  2.12923e-05  -1.57457e-05  13.1433  301.716
876  2.71799e-22  -3.73566e-05  2.15789e-05  -1.57777e-05  13.1182  301.715
878  8.76755e-22  -3.76022e-05  2.17926e-05  -1.58096e-05  13.1387  301.713
880  8.58063e-22  -3.7754e-05  2.19125e-05  -1.58415e-05  13.174  301.71
882  3.38873e-22  -3.77916e-05  2.1918e-05  -1.58736e-05  13.2058  301.711
884  5.67017e-23  -3.76974e-05  2.17918e-05  -1.59057e-05  13.2347  301.712
886  1.60182e-23  -3.74582e-05  2.15203e-05  -1.59379e-05  13.2613  301.711
888  -3.99509e-23  -3.70656e-05  2.10955e-05  -1.59701e-05  13.2856  301.709
890  4.42719e-22  -3.65168e-05  2.05145e-05  -1.60023e-05  13.3074  301.708
892  2.23757e-22  -3.58146e-05  1.97801e-05  -1.60345e-05  13.3261  301.706
894  9.48576e-22  -3.49672e-05  1.89007e-05  -1.60666e-05  13.3409  301.704
896  1.72575e-22  -3.39887e-05  1.78901e-05  -1.60986e-05  13.364  301.703
898  -1.16366e-21  -3.28985e-05  1.6768e-05  -1.61305e-05  13.3958  301.7
900  -7.65876e-22  -3.17221e-05  1.55597e-05  -1.61624e-05  13.4231  301.701
902  -4.7102e-22  -3.04895e-05  1.42953e-05  -1.61942e-05  13.446  301.702
904  -4.13649e-22  -2.92343e-05  1.30083e-05  -1.6226e-05  13.4648  301.7
906  3.57832e-23  -2.79916e-05  1.17338e-05  -1.62577e-05  13.4801  301.699
908  -1.07626e-22  -2.67951e-05  1.05056e-05  -1.62895e-05  13.4923  301.697
910  1.11708e-22  -2.56747e-05  9.35355e-06  -1.63212e-05  13.5019  301.696
912  2.73889e-22  -2.46545e-05  8.30162e-06  -1.63529e-05  13.5091  301.694
914  -5.5067e-23  -2.37508e-05  7.36627e-06  -1.63845e-05  13.5333  301.692
916  3.1117e-22  -2.29724e-05  6.55613e-06  -1.64163e-05  13.5597  301.69
918  -1.17651e-22  -2.23206e-05  5.8726e-06  -1.6448e-05  13.5834  301.692
920  4.79867e-22  -2.17912e-05  5.31126e-06  -1.64799e-05  13.6042  301.692
922  6.07815e-23  -2.13755e-05  4.86364e-06  -1.65118e-05  13.6213  301.69
924  -9.32754e-23  -2.10629e-05  4.51908e-06  -1.65438e-05  13.6342  301.689
926  -7.65543e-23  -2.08422e-05  4.26632e-06  -1.65758e-05  13.6425  301.687
928  -6.9463e-22  -2.07026e-05  4.09469e-06  -1.66079e-05  13.6457  301.686
930  -4.85083e-23  -2.06347e-05  3.99475e-06  -1.664e-05  13.6476  301.684
932  -8.49824e-22  -2.06307e-05  3.9587e-06  -1.6672e-05  13.6633  301.682
934  -5.17397e-23  -2.06843e-05  3.98026e-06  -1.6704e-05  13.6769  301.681
936  -6.15452e-22  -2.07906e-05  4.05462e-06  -1.6736e-05  13.6883  301.683
938  -7.42434e-22  -2.0946e-05  4.17817e-06  -1.67679e-05  13.6959  301.682
940  3.29683e-22  -2.1148e-05  4.34832e-06  -1.67997e-05  13.6996  301.681
942  -2.50592e-22  -2.13948e-05  4.5634e-06  -1.68314e-05  13.6995  301.68
944  1.06409e-24  -2.16858e-05  4.82258e-06  -1.68632e-05  13.7113  301.678
946  1.75369e-22  -2.20207e-05  5.12579e-06  -1.6895e-05  13.7284  301.676
948  -8.17956e-23  -2.24004e-05  5.47365e-06  -1.69268e-05  13.7417  301.675
950  -1.16848e-22  -2.28258e-05  5.8672e-06  -1.69586e-05  13.7518  301.673
952  3.30441e-22  -2.32978e-05  6.30744e-06  -1.69904e-05  13.7592  301.673
954  5.95663e-22  -2.38169e-05  6.79477e-06  -1.70222e-05  13.7645  301.674
956  -1.28477e-22  -2.43823e-05  7.32836e-06  -1.7054e-05  13.7681  301.673
958  -2.97673e-22  -2.49913e-05  7.90556e-06  -1.70857e-05  13.7703  301.672
960  5.23314e-22  -2.56393e-05  8.52173e-06  -1.71176e-05  13.7708  301.671
962  1.95263e-22  -2.63197e-05  9.17027e-06  -1.71495e-05  13.7869  301.669
964  -4.34015e-22  -2.70247e-05  9.84327e-06  -1.71814e-05  13.8005  301.667
966  -6.34774e-22  -2.77458e-05  1.05323e-05  -1.72135e-05  13.8106  301.665
968  -7.60465e-22  -2.84749e-05  1.12293e-05  -1.72456e-05  13.8167  301.664
970  8.15563e-22  -2.92053e-05  1.19275e-05  -1.72777e-05  13.8185  301.665
972  7.32658e-22  -2.99314e-05  1.26214e-05  -1.73099e-05  13.816  301.666
974  -1.85076e-22  -3.06489e-05  1.33068e-05  -1.73421e-05  13.8094  301.665
976  -1.04461e-22  -3.13542e-05  1.39799e-05  -1.73743e-05  13.7991  301.663
978  4.39941e-22  -3.20431e-05  1.46367e-05  -1.74064e-05  13.7855  301.662
980  1.88597e-22  -3.27102e-05  1.52718e-05  -1.74384e-05  13.7822  301.661
982  -6.05795e-22  -3.33488e-05  1.58784e-05  -1.74705e-05  13.7784  301.659
984  4.89737e-24  -3.39509e-05  1.64485e-05  -1.75025e-05  13.7722  301.657
986  5.17512e-22  -3.45082e-05  1.69737e-05  -1.75345e-05  13.764  301.655
988  -7.22096e-22  -3.50134e-05  1.7447e-05  -1.75665e-05  13.7543  301.657
990  -1.71077e-22  -3.54619e-05  1.78634e-05  -1.75985e-05  13.7435  301.657
992  -8.80628e-23  -3.58526e-05  1.8222e-05  -1.76306e-05  13.7318  301.656
994  1.303e-22  -3.61883e-05  1.85256e-05  -1.76627e-05  13.7195  301.655
996  -1.57377e-22  -3.64755e-05  1.87806e-05  -1.76949e-05  13.7066  301.654
998  4.94664e-22  -3.67227e-05  1.89956e-05  -1.77272e-05  13.6929  301.652
1000  -2.46142e-22  -3.69392e-05  1.91798e-05  -1.77594e-05  13.6886  301.651
