#time   KE       internal potential normalisedEnergy  max w max theta
0  0  0  0  0  0  301.994
2  -7.41202e-27  -8.09151e-08  8.06124e-08  -3.02699e-10  0.115253  301.994
4  -5.50673e-26  -3.23585e-07  3.22556e-07  -1.02934e-09  0.196833  301.994
6  -2.12695e-25  -7.27938e-07  7.25834e-07  -2.1039e-09  0.247825  301.994
8  3.40412e-25  -1.2925e-06  1.28894e-06  -3.56261e-09  0.288283  301.994
10  -2.19566e-25  -2.0106e-06  2.00528e-06  -5.31768e-09  0.337422  301.994
12  1.60814e-25  -2.86481e-06  2.8577e-06  -7.1062e-09  0.399412  301.994
14  -3.11786e-25  -3.82271e-06  3.81402e-06  -8.68376e-09  0.46686  301.994
16  -4.89454e-25  -4.8385e-06  4.8284e-06  -1.00984e-08  0.532323  301.994
18  8.10657e-25  -5.86232e-06  5.85055e-06  -1.17704e-08  0.594373  301.995
20  -1.48783e-24  -6.85358e-06  6.83936e-06  -1.42142e-08  0.655161  301.995
22  -7.16323e-25  -7.79081e-06  7.77319e-06  -1.76215e-08  0.715805  301.995
24  -6.29166e-25  -8.67215e-06  8.65041e-06  -2.17393e-08  0.77523  301.995
26  -2.87055e-27  -9.50699e-06  9.48089e-06  -2.61005e-08  0.832212  301.995
28  -8.85461e-25  -1.03052e-05  1.02749e-05  -3.03698e-08  0.887376  301.995
30  2.10973e-24  -1.10709e-05  1.10364e-05  -3.45446e-08  0.943249  301.995
32  -1.16998e-24  -1.18025e-05  1.17637e-05  -3.88881e-08  1.00277  301.996
34  2.09723e-24  -1.24971e-05  1.24534e-05  -4.366e-08  1.06753  301.996
36  -1.08122e-24  -1.31534e-05  1.31045e-05  -4.89289e-08  1.1367  301.996
38  -1.55672e-24  -1.37727e-05  1.37181e-05  -5.45916e-08  1.20733  301.996
40  -1.75604e-25  -1.4357e-05  1.42964e-05  -6.05117e-08  1.27596  301.996
42  1.49023e-24  -1.49075e-05  1.48409e-05  -6.66322e-08  1.3407  301.996
44  7.66843e-26  -1.54249e-05  1.5352e-05  -7.2988e-08  1.40222  301.996
46  6.37449e-25  -1.59093e-05  1.58297e-05  -7.96517e-08  1.46298  301.997
48  2.48565e-24  -1.63611e-05  1.62744e-05  -8.66681e-08  1.52526  301.997
50  5.1669e-24  -1.67807e-05  1.66867e-05  -9.4029e-08  1.58961  301.997
52  4.0883e-24  -1.71686e-05  1.70669e-05  -1.01698e-07  1.65487  301.997
54  4.94317e-24  -1.75241e-05  1.74145e-05  -1.0965e-07  1.71946  301.997
56  1.35726e-24  -1.78457e-05  1.77279e-05  -1.17871e-07  1.78267  301.997
58  1.92304e-24  -1.81304e-05  1.80041e-05  -1.26355e-07  1.84486  301.997
60  -3.6339e-24  -1.83736e-05  1.82385e-05  -1.35094e-07  1.90681  301.997
62  -4.34113e-24  -1.85693e-05  1.84252e-05  -1.44086e-07  1.9689  301.997
64  -1.80031e-24  -1.87107e-05  1.85573e-05  -1.53348e-07  2.03096  301.997
66  -5.65845e-24  -1.87909e-05  1.8628e-05  -1.62912e-07  2.09269  301.996
68  1.2803e-23  -1.88048e-05  1.8632e-05  -1.72818e-07  2.15416  301.996
70  -8.95495e-25  -1.87498e-05  1.85667e-05  -1.83089e-07  2.21585  301.996
72  -1.73176e-24  -1.86263e-05  1.84326e-05  -1.93724e-07  2.27838  301.996
74  -3.83748e-24  -1.84378e-05  1.8233e-05  -2.04712e-07  2.342  301.995
76  -1.75558e-23  -1.81891e-05  1.7973e-05  -2.16034e-07  2.40654  301.995
78  1.43182e-24  -1.78852e-05  1.76575e-05  -2.27661e-07  2.47142  301.994
80  2.07516e-23  -1.75302e-05  1.72907e-05  -2.39548e-07  2.53597  301.994
82  1.61805e-24  -1.71269e-05  1.68753e-05  -2.51679e-07  2.5997  301.995
84  -2.51769e-23  -1.66781e-05  1.6414e-05  -2.64084e-07  2.66244  301.995
86  -8.87408e-24  -1.61874e-05  1.59105e-05  -2.76818e-07  2.72471  301.996
88  2.09178e-24  -1.56606e-05  1.53707e-05  -2.89894e-07  2.78688  301.996
90  1.58875e-23  -1.51058e-05  1.48025e-05  -3.03274e-07  2.84929  301.996
92  1.99388e-23  -1.4532e-05  1.42151e-05  -3.16915e-07  2.91227  301.997
94  1.11209e-23  -1.39479e-05  1.36171e-05  -3.3081e-07  2.97574  301.997
96  -2.23427e-23  -1.33601e-05  1.30151e-05  -3.44972e-07  3.03936  301.997
98  -1.61263e-24  -1.2772e-05  1.24126e-05  -3.59396e-07  3.10269  301.997
100  2.95383e-23  -1.21839e-05  1.18099e-05  -3.7407e-07  3.16552  301.997
102  3.32835e-23  -1.1594e-05  1.1205e-05  -3.89031e-07  3.22791  301.996
104  -2.29268e-23  -1.09993e-05  1.0595e-05  -4.04336e-07  3.2901  301.996
106  -6.24634e-24  -1.03971e-05  9.97709e-06  -4.20005e-07  3.35227  301.996
108  -7.80669e-24  -9.78577e-06  9.34977e-06  -4.36e-07  3.41441  301.995
110  -7.03535e-24  -9.16531e-06  8.71303e-06  -4.52283e-07  3.47626  301.995
112  -7.47661e-24  -8.53716e-06  8.06831e-06  -4.68847e-07  3.53753  301.994
114  -2.27636e-23  -7.90354e-06  7.41784e-06  -4.85697e-07  3.59802  301.994
116  -1.93189e-23  -7.26661e-06  6.76379e-06  -5.02823e-07  3.65778  301.995
118  5.09615e-24  -6.62789e-06  6.10768e-06  -5.20211e-07  3.71705  301.996
120  -2.14193e-23  -5.98838e-06  5.45051e-06  -5.37865e-07  3.77619  301.996
122  8.1438e-24  -5.34942e-06  4.79361e-06  -5.55805e-07  3.83562  301.997
124  -2.09701e-23  -4.71407e-06  4.14002e-06  -5.74052e-07  3.89578  301.997
126  1.26866e-23  -4.08855e-06  3.49593e-06  -5.92617e-07  3.95701  301.997
128  -1.30054e-23  -3.4833e-06  2.87178e-06  -6.11515e-07  4.01952  301.997
130  -7.80817e-24  -2.91347e-06  2.28273e-06  -6.3074e-07  4.08321  301.996
132  3.49161e-23  -2.39889e-06  1.74859e-06  -6.50301e-07  4.14764  301.996
134  -3.209e-23  -1.96347e-06  1.29327e-06  -6.70201e-07  4.21204  301.995
136  2.69919e-23  -1.63404e-06  9.43604e-07  -6.90438e-07  4.27557  301.994
138  5.28237e-24  -1.43838e-06  7.27363e-07  -7.11016e-07  4.33766  301.994
140  -4.88122e-24  -1.40226e-06  6.70346e-07  -7.31916e-07  4.39826  301.995
142  -7.69227e-24  -1.54586e-06  7.92758e-07  -7.531e-07  4.45802  301.996
144  -3.06309e-23  -1.88012e-06  1.10561e-06  -7.74515e-07  4.51924  301.996
146  -3.41254e-23  -2.40431e-06  1.6082e-06  -7.96109e-07  4.58202  301.996
148  5.35377e-23  -3.10554e-06  2.28767e-06  -8.17861e-07  4.64701  301.997
150  -9.09717e-23  -3.96076e-06  3.12095e-06  -8.39802e-07  4.71404  301.997
152  -4.19002e-23  -4.94077e-06  4.07875e-06  -8.62013e-07  4.78211  301.996
154  2.01798e-23  -6.01491e-06  5.13032e-06  -8.84585e-07  4.8497  301.996
156  -1.22235e-23  -7.15501e-06  6.24743e-06  -9.07577e-07  4.91535  301.995
158  9.25784e-23  -8.33722e-06  7.40623e-06  -9.3099e-07  4.97821  301.994
160  -3.44425e-23  -9.5413e-06  8.58654e-06  -9.54757e-07  5.03837  301.994
162  -3.257e-23  -1.0748e-05  9.76925e-06  -9.78773e-07  5.09678  301.995
164  -1.35744e-23  -1.19361e-05  1.09332e-05  -1.00294e-06  5.15477  301.996
166  2.52384e-23  -1.30808e-05  1.20536e-05  -1.0272e-06  5.2134  301.996
168  -9.71056e-23  -1.41547e-05  1.31031e-05  -1.05159e-06  5.27291  301.996
170  3.9635e-23  -1.51324e-05  1.40562e-05  -1.07623e-06  5.33255  301.996
172  -1.35365e-23  -1.59956e-05  1.48943e-05  -1.10125e-06  5.39081  301.996
174  -3.44642e-23  -1.67379e-05  1.56111e-05  -1.12681e-06  5.44615  301.995
176  -5.6654e-23  -1.73669e-05  1.6214e-05  -1.15291e-06  5.49767  301.994
178  -3.12974e-23  -1.79015e-05  1.6722e-05  -1.1795e-06  5.54572  301.993
180  -1.96842e-23  -1.83659e-05  1.71595e-05  -1.2064e-06  5.59199  301.994
182  -1.42483e-23  -1.87822e-05  1.75488e-05  -1.23346e-06  5.64023  301.995
184  9.33375e-25  -1.91645e-05  1.7904e-05  -1.26056e-06  5.69225  301.996
186  -6.04474e-23  -1.95161e-05  1.82284e-05  -1.2877e-06  5.749  301.996
188  -1.24163e-23  -1.98309e-05  1.8516e-05  -1.31497e-06  5.81025  301.996
190  -3.64741e-23  -2.00987e-05  1.87562e-05  -1.3425e-06  5.87417  301.996
192  -1.40897e-23  -2.03102e-05  1.89397e-05  -1.37042e-06  5.93799  301.995
194  -2.57e-23  -2.0461e-05  1.90622e-05  -1.39881e-06  5.99933  301.994
196  6.71762e-23  -2.05532e-05  1.91256e-05  -1.42765e-06  6.05723  301.993
198  1.2396e-23  -2.05938e-05  1.91369e-05  -1.45687e-06  6.11262  301.994
200  -8.86781e-23  -2.05908e-05  1.91044e-05  -1.48635e-06  6.16777  301.995
202  3.91109e-23  -2.05501e-05  1.90341e-05  -1.516e-06  6.22505  301.996
204  4.48912e-23  -2.04736e-05  1.89278e-05  -1.54578e-06  6.28565  301.996
206  1.78994e-23  -2.03581e-05  1.87823e-05  -1.57573e-06  6.34883  301.996
208  -1.83281e-23  -2.01975e-05  1.85916e-05  -1.60591e-06  6.41214  301.995
210  -3.03386e-23  -1.9985e-05  1.83486e-05  -1.63639e-06  6.47259  301.994
212  5.39354e-23  -1.97155e-05  1.80483e-05  -1.66721e-06  6.52797  301.993
214  -4.45776e-23  -1.93869e-05  1.76886e-05  -1.69838e-06  6.57786  301.994
216  -5.71187e-23  -1.90009e-05  1.7271e-05  -1.72988e-06  6.625  301.995
218  -1.34845e-22  -1.85616e-05  1.67999e-05  -1.76168e-06  6.67167  301.996
220  4.574e-24  -1.80745e-05  1.62808e-05  -1.79375e-06  6.7192  301.996
222  4.68476e-23  -1.75458e-05  1.57197e-05  -1.82608e-06  6.76919  301.995
224  -9.48413e-23  -1.69814e-05  1.51227e-05  -1.85866e-06  6.82197  301.995
226  -7.42919e-23  -1.63877e-05  1.44961e-05  -1.89152e-06  6.87681  301.993
228  -5.50397e-24  -1.57717e-05  1.3847e-05  -1.92464e-06  6.93248  301.993
230  1.45759e-22  -1.51415e-05  1.31834e-05  -1.95803e-06  6.98789  301.994
232  -3.65937e-23  -1.45054e-05  1.25137e-05  -1.99164e-06  7.04242  301.995
234  -6.8767e-23  -1.38713e-05  1.18458e-05  -2.02546e-06  7.09598  301.995
236  3.75504e-23  -1.32457e-05  1.11863e-05  -2.05947e-06  7.14879  301.995
238  -1.02086e-22  -1.26336e-05  1.05399e-05  -2.0937e-06  7.20112  301.995
240  2.58609e-23  -1.20387e-05  9.91054e-06  -2.1282e-06  7.25305  301.993
242  1.03977e-22  -1.14642e-05  9.30124e-06  -2.16299e-06  7.30448  301.992
244  7.08451e-23  -1.09134e-05  8.71525e-06  -2.19811e-06  7.35517  301.993
246  7.82398e-23  -1.03893e-05  8.15576e-06  -2.23352e-06  7.40492  301.995
248  6.57844e-25  -9.89429e-06  7.62511e-06  -2.26918e-06  7.45564  301.995
250  2.88895e-23  -9.42897e-06  7.12395e-06  -2.30502e-06  7.50621  301.995
252  -1.04256e-22  -8.9917e-06  6.65066e-06  -2.34104e-06  7.55603  301.994
254  -1.30679e-22  -8.57896e-06  6.20172e-06  -2.37723e-06  7.60537  301.993
256  7.08259e-23  -8.1865e-06  5.77285e-06  -2.41365e-06  7.65442  301.991
258  -6.86926e-24  -7.81086e-06  5.3605e-06  -2.45036e-06  7.70317  301.993
260  -7.87859e-24  -7.45057e-06  4.96315e-06  -2.48741e-06  7.75139  301.994
262  -1.38046e-22  -7.10679e-06  4.58198e-06  -2.52481e-06  7.79875  301.995
264  -8.14189e-23  -6.78321e-06  4.22073e-06  -2.56248e-06  7.84488  301.995
266  -4.30417e-23  -6.48536e-06  3.885e-06  -2.60036e-06  7.8896  301.994
268  -4.92744e-23  -6.2199e-06  3.58149e-06  -2.63841e-06  7.93298  301.992
270  -1.31967e-22  -5.99402e-06  3.31739e-06  -2.67662e-06  7.97534  301.991
272  -2.61104e-23  -5.81538e-06  3.10035e-06  -2.71503e-06  8.01726  301.993
274  8.31706e-23  -5.69257e-06  2.93894e-06  -2.75363e-06  8.05945  301.994
276  8.11001e-23  -5.63591e-06  2.84343e-06  -2.79248e-06  8.1026  301.994
278  1.51601e-23  -5.65811e-06  2.82649e-06  -2.83162e-06  8.14873  301.994
280  3.71145e-23  -5.77446e-06  2.9034e-06  -2.87106e-06  8.19783  301.993
282  -9.98613e-23  -6.00217e-06  3.09136e-06  -2.91081e-06  8.2485  301.991
284  4.46348e-23  -6.35874e-06  3.40791e-06  -2.95083e-06  8.30017  301.991
286  3.56284e-23  -6.85957e-06  3.8685e-06  -2.99108e-06  8.35205  301.992
288  -1.74054e-23  -7.51529e-06  4.48378e-06  -3.03151e-06  8.40322  301.993
290  1.68644e-22  -8.32918e-06  5.25708e-06  -3.0721e-06  8.45292  301.994
292  2.72433e-22  -9.29555e-06  6.18273e-06  -3.11282e-06  8.50062  301.993
294  -1.16525e-22  -1.03991e-05  7.24544e-06  -3.15365e-06  8.5461  301.991
296  1.77005e-22  -1.16156e-05  8.42096e-06  -3.19462e-06  8.58939  301.989
298  -8.31945e-23  -1.29137e-05  9.67794e-06  -3.23575e-06  8.63068  301.991
300  -3.34527e-23  -1.42576e-05  1.09805e-05  -3.27707e-06  8.67019  301.992
302  2.8538e-23  -1.56101e-05  1.22915e-05  -3.31858e-06  8.70816  301.993
304  -7.41727e-23  -1.69356e-05  1.35752e-05  -3.36033e-06  8.74483  301.993
306  -1.67622e-23  -1.82028e-05  1.48005e-05  -3.40231e-06  8.78046  301.991
308  -3.05645e-24  -1.93863e-05  1.59418e-05  -3.44454e-06  8.81568  301.989
310  -1.41621e-22  -2.04672e-05  1.69802e-05  -3.487e-06  8.85272  301.989
312  8.72961e-23  -2.14326e-05  1.79029e-05  -3.52967e-06  8.8894  301.991
314  -3.51355e-23  -2.22742e-05  1.87017e-05  -3.57253e-06  8.92577  301.992
316  4.88076e-24  -2.29877e-05  1.93722e-05  -3.61551e-06  8.96183  301.992
318  3.27046e-22  -2.3571e-05  1.99124e-05  -3.65861e-06  8.99759  301.991
320  -6.79253e-23  -2.40248e-05  2.03229e-05  -3.70183e-06  9.03316  301.989
322  2.15286e-23  -2.43528e-05  2.06075e-05  -3.74524e-06  9.06865  301.987
324  2.86508e-22  -2.4563e-05  2.07741e-05  -3.78891e-06  9.10419  301.99
326  1.8928e-22  -2.46684e-05  2.08355e-05  -3.83291e-06  9.13977  301.991
328  -2.34288e-22  -2.46864e-05  2.08092e-05  -3.87724e-06  9.17521  301.991
330  2.13463e-22  -2.46376e-05  2.07158e-05  -3.92184e-06  9.21018  301.991
332  6.00727e-22  -2.45422e-05  2.05756e-05  -3.96664e-06  9.2443  301.989
334  2.08185e-22  -2.44166e-05  2.04051e-05  -4.01152e-06  9.27726  301.986
336  1.0445e-22  -2.42703e-05  2.02138e-05  -4.05642e-06  9.309  301.988
338  1.19185e-22  -2.41042e-05  2.00029e-05  -4.1013e-06  9.3397  301.99
340  -1.78162e-22  -2.39118e-05  1.97656e-05  -4.14621e-06  9.36971  301.99
342  1.72324e-23  -2.36823e-05  1.94911e-05  -4.19124e-06  9.40023  301.99
344  -2.2658e-22  -2.34049e-05  1.91684e-05  -4.23648e-06  9.43262  301.988
346  2.9764e-23  -2.30732e-05  1.87911e-05  -4.28203e-06  9.46548  301.985
348  1.74802e-23  -2.26874e-05  1.83595e-05  -4.32789e-06  9.49887  301.986
350  3.86748e-22  -2.22545e-05  1.78805e-05  -4.37399e-06  9.53264  301.988
352  -1.46263e-22  -2.17856e-05  1.73654e-05  -4.42024e-06  9.56655  301.989
354  -1.18206e-22  -2.12921e-05  1.68256e-05  -4.46655e-06  9.60035  301.989
356  -1.43175e-22  -2.07817e-05  1.62688e-05  -4.51285e-06  9.63389  301.987
358  3.68007e-23  -2.02564e-05  1.56972e-05  -4.55916e-06  9.66715  301.985
360  7.15953e-23  -1.97133e-05  1.51078e-05  -4.60553e-06  9.70019  301.983
362  2.19912e-22  -1.91468e-05  1.44947e-05  -4.65208e-06  9.73308  301.986
364  -6.93019e-23  -1.85525e-05  1.38536e-05  -4.69889e-06  9.76575  301.988
366  -2.52211e-22  -1.79302e-05  1.31842e-05  -4.74599e-06  9.79793  301.988
368  -1.30811e-22  -1.72857e-05  1.24924e-05  -4.79335e-06  9.82919  301.987
370  7.06927e-23  -1.66302e-05  1.17893e-05  -4.84086e-06  9.85901  301.984
372  -1.41181e-22  -1.59778e-05  1.10894e-05  -4.88843e-06  9.88697  301.98
374  -2.43784e-22  -1.53425e-05  1.04065e-05  -4.936e-06  9.91287  301.984
376  3.33209e-23  -1.47356e-05  9.75209e-06  -4.98354e-06  9.93682  301.986
378  -1.1762e-22  -1.41646e-05  9.13356e-06  -5.03107e-06  9.95917  301.987
380  1.53616e-22  -1.36333e-05  8.5547e-06  -5.07865e-06  9.98201  301.985
382  -4.63901e-24  -1.31434e-05  8.01706e-06  -5.12633e-06  10.0049  301.983
384  1.89807e-22  -1.26958e-05  7.52157e-06  -5.17419e-06  10.0279  301.979
386  3.58336e-23  -1.22919e-05  7.06968e-06  -5.22224e-06  10.0516  301.981
388  -8.19293e-24  -1.1934e-05  6.66349e-06  -5.27047e-06  10.0763  301.984
390  -2.55084e-22  -1.1624e-05  6.30521e-06  -5.31884e-06  10.1024  301.985
392  -3.15393e-22  -1.13635e-05  5.9962e-06  -5.36731e-06  10.1298  301.984
394  2.11844e-22  -1.1152e-05  5.73619e-06  -5.41585e-06  10.1584  301.982
396  -1.7423e-22  -1.09876e-05  5.52317e-06  -5.46445e-06  10.1875  301.978
398  1.2491e-22  -1.08668e-05  5.35369e-06  -5.51311e-06  10.2163  301.978
400  6.66985e-23  -1.07856e-05  5.22373e-06  -5.56186e-06  10.244  301.982
402  1.12797e-22  -1.07402e-05  5.12946e-06  -5.61072e-06  10.2703  301.983
404  7.06864e-23  -1.07276e-05  5.06791e-06  -5.65967e-06  10.295  301.983
406  -6.32033e-23  -1.0746e-05  5.03725e-06  -5.70872e-06  10.3184  301.981
408  2.12524e-22  -1.07948e-05  5.03699e-06  -5.75783e-06  10.341  301.977
410  2.02555e-22  -1.0875e-05  5.06806e-06  -5.80699e-06  10.3633  301.974
412  8.48993e-23  -1.09892e-05  5.133e-06  -5.85619e-06  10.3856  301.979
414  -1.38445e-22  -1.11416e-05  5.23616e-06  -5.90544e-06  10.4079  301.981
416  -3.18021e-22  -1.13386e-05  5.3838e-06  -5.95476e-06  10.43  301.981
418  1.74711e-22  -1.15881e-05  5.58401e-06  -6.00414e-06  10.4517  301.979
420  6.44169e-23  -1.18998e-05  5.84616e-06  -6.05359e-06  10.4728  301.976
422  -1.85318e-22  -1.22834e-05  6.18032e-06  -6.1031e-06  10.4935  301.97
424  1.30225e-22  -1.2749e-05  6.59632e-06  -6.15266e-06  10.5149  301.975
426  -1.45473e-22  -1.33054e-05  7.1031e-06  -6.20226e-06  10.5376  301.978
428  8.89528e-22  -1.396e-05  7.70808e-06  -6.25192e-06  10.5611  301.979
430  1.52052e-22  -1.47184e-05  8.41671e-06  -6.30164e-06  10.5855  301.978
432  8.15129e-24  -1.55834e-05  9.23201e-06  -6.35143e-06  10.6107  301.975
434  1.03193e-22  -1.6555e-05  1.01538e-05  -6.40129e-06  10.6363  301.97
436  1.93217e-22  -1.76287e-05  1.11775e-05  -6.4512e-06  10.6618  301.97
438  5.069e-24  -1.87943e-05  1.22931e-05  -6.50115e-06  10.6867  301.974
440  1.24846e-22  -2.0035e-05  1.34839e-05  -6.55112e-06  10.7107  301.976
442  -3.27307e-22  -2.13269e-05  1.47258e-05  -6.60107e-06  10.7335  301.976
444  -1.4309e-23  -2.26392e-05  1.59882e-05  -6.65098e-06  10.7552  301.974
446  9.45672e-23  -2.39364e-05  1.72356e-05  -6.70082e-06  10.7761  301.969
448  6.15961e-22  -2.51807e-05  1.84301e-05  -6.7506e-06  10.7962  301.964
450  3.36135e-22  -2.63356e-05  1.95353e-05  -6.80036e-06  10.8157  301.97
452  1.86744e-22  -2.73694e-05  2.05192e-05  -6.85015e-06  10.8344  301.973
454  1.38323e-22  -2.82572e-05  2.13572e-05  -6.90001e-06  10.8521  301.974
456  -3.05604e-22  -2.89832e-05  2.20332e-05  -6.94998e-06  10.8686  301.972
458  1.3511e-23  -2.95402e-05  2.25401e-05  -7.00006e-06  10.8836  301.968
460  4.03766e-23  -2.99291e-05  2.28789e-05  -7.05024e-06  10.8973  301.962
462  3.60921e-22  -3.01572e-05  2.30568e-05  -7.10047e-06  10.9099  301.963
464  -3.82978e-22  -3.02364e-05  2.30857e-05  -7.15073e-06  10.9221  301.968
466  -8.37482e-23  -3.01812e-05  2.29802e-05  -7.20099e-06  10.9345  301.971
468  1.1518e-23  -3.00074e-05  2.27562e-05  -7.25122e-06  10.9478  301.97
470  6.34653e-23  -2.97314e-05  2.243e-05  -7.30141e-06  10.9624  301.967
472  -6.7094e-22  -2.93698e-05  2.20182e-05  -7.35158e-06  10.9784  301.962
474  -4.20809e-23  -2.89391e-05  2.15374e-05  -7.40174e-06  10.9967  301.955
476  -1.61773e-22  -2.84557e-05  2.10038e-05  -7.45192e-06  11.0164  301.962
478  3.09656e-22  -2.79356e-05  2.04334e-05  -7.50214e-06  11.0365  301.966
480  -4.60966e-22  -2.73933e-05  1.98409e-05  -7.5524e-06  11.0565  301.967
482  3.21655e-22  -2.68411e-05  1.92384e-05  -7.60267e-06  11.0763  301.966
484  2.73173e-22  -2.62876e-05  1.86347e-05  -7.65293e-06  11.0961  301.962
486  4.12468e-22  -2.57369e-05  1.80338e-05  -7.70314e-06  11.116  301.956
488  -8.35044e-23  -2.51883e-05  1.74351e-05  -7.75329e-06  11.1362  301.952
490  -1.07573e-24  -2.46372e-05  1.68338e-05  -7.80337e-06  11.157  301.959
492  -1.81806e-22  -2.40763e-05  1.62229e-05  -7.8534e-06  11.1781  301.963
494  -2.88545e-22  -2.34988e-05  1.55954e-05  -7.90343e-06  11.1994  301.963
496  -2.56477e-22  -2.29001e-05  1.49466e-05  -7.95347e-06  11.2202  301.961
498  -5.1069e-22  -2.22801e-05  1.42765e-05  -8.00359e-06  11.2398  301.956
500  5.06252e-22  -2.16439e-05  1.35901e-05  -8.05376e-06  11.2577  301.95
502  4.42433e-22  -2.10007e-05  1.28967e-05  -8.10398e-06  11.2734  301.948
504  -8.04384e-22  -2.0362e-05  1.22078e-05  -8.15419e-06  11.2871  301.955
506  1.75487e-22  -1.97386e-05  1.15343e-05  -8.20431e-06  11.2996  301.959
508  -5.89391e-22  -1.91385e-05  1.08842e-05  -8.25427e-06  11.312  301.959
510  -1.25825e-22  -1.85651e-05  1.02611e-05  -8.30402e-06  11.3256  301.956
512  -3.13493e-22  -1.80181e-05  9.66454e-06  -8.35357e-06  11.3415  301.95
514  5.80515e-23  -1.74951e-05  9.0921e-06  -8.40296e-06  11.3604  301.944
516  3.02135e-22  -1.69941e-05  8.54178e-06  -8.45229e-06  11.382  301.943
518  -3.97871e-22  -1.65165e-05  8.01481e-06  -8.50168e-06  11.4053  301.95
520  5.92385e-23  -1.60683e-05  7.51712e-06  -8.5512e-06  11.4287  301.953
522  3.98878e-22  -1.56599e-05  7.05909e-06  -8.60085e-06  11.4516  301.953
524  2.91314e-22  -1.53042e-05  6.65364e-06  -8.65058e-06  11.4729  301.95
526  2.04367e-22  -1.50135e-05  6.31323e-06  -8.70027e-06  11.4913  301.944
528  5.82566e-22  -1.47967e-05  6.04682e-06  -8.74984e-06  11.507  301.939
530  -5.48205e-23  -1.46572e-05  5.85793e-06  -8.79925e-06  11.5208  301.936
532  -3.98209e-22  -1.45927e-05  5.74421e-06  -8.84849e-06  11.5339  301.944
534  -1.44868e-22  -1.45964e-05  5.6988e-06  -8.89762e-06  11.5473  301.947
536  1.15832e-22  -1.46594e-05  5.71267e-06  -8.94669e-06  11.5616  301.947
538  -3.91452e-22  -1.4773e-05  5.77719e-06  -8.99577e-06  11.5769  301.943
540  -5.3983e-22  -1.49308e-05  5.8859e-06  -9.04489e-06  11.5929  301.939
542  4.05752e-22  -1.51291e-05  6.03507e-06  -9.09402e-06  11.6092  301.934
544  -4.1063e-22  -1.53661e-05  6.22302e-06  -9.1431e-06  11.6253  301.928
546  -2.93958e-22  -1.56408e-05  6.44874e-06  -9.19207e-06  11.641  301.936
548  -5.51312e-23  -1.59514e-05  6.71054e-06  -9.24086e-06  11.6564  301.94
550  -2.70973e-22  -1.62948e-05  7.00535e-06  -9.28948e-06  11.6718  301.94
552  7.04423e-22  -1.6667e-05  7.32905e-06  -9.33794e-06  11.6876  301.937
554  1.8564e-22  -1.70639e-05  7.67757e-06  -9.38631e-06  11.7042  301.932
556  4.94667e-22  -1.7483e-05  8.04835e-06  -9.43466e-06  11.7218  301.928
558  3.63401e-22  -1.79245e-05  8.44145e-06  -9.48303e-06  11.7407  301.923
560  -1.70779e-22  -1.83915e-05  8.86008e-06  -9.53145e-06  11.7605  301.927
562  3.57119e-22  -1.889e-05  9.31018e-06  -9.57985e-06  11.7809  301.932
564  -7.13131e-22  -1.94276e-05  9.79943e-06  -9.62818e-06  11.8015  301.933
566  1.37993e-22  -2.00123e-05  1.0336e-05  -9.67636e-06  11.8246  301.93
568  1.74625e-22  -2.06517e-05  1.09273e-05  -9.72438e-06  11.8472  301.926
570  -3.94966e-23  -2.13516e-05  1.15793e-05  -9.77223e-06  11.8687  301.921
572  -1.88812e-22  -2.21161e-05  1.22962e-05  -9.81995e-06  11.8888  301.917
574  2.52734e-22  -2.29471e-05  1.30795e-05  -9.86755e-06  11.9076  301.916
576  -1.34191e-22  -2.38438e-05  1.39287e-05  -9.91509e-06  11.9251  301.922
578  -1.71282e-23  -2.48026e-05  1.484e-05  -9.96256e-06  11.9417  301.924
580  -4.99664e-22  -2.58164e-05  1.58064e-05  -1.001e-05  11.9575  301.922
582  4.55046e-23  -2.68739e-05  1.68165e-05  -1.00574e-05  11.9728  301.918
584  1.19012e-22  -2.79593e-05  1.78546e-05  -1.01047e-05  11.9876  301.914
586  2.25616e-22  -2.90522e-05  1.89003e-05  -1.01519e-05  12.0021  301.91
588  -5.20385e-22  -3.0128e-05  1.99291e-05  -1.0199e-05  12.0163  301.906
590  -2.32327e-22  -3.11588e-05  2.09129e-05  -1.02459e-05  12.0302  301.911
592  -3.27624e-22  -3.21145e-05  2.18219e-05  -1.02927e-05  12.0441  301.915
594  -4.6434e-22  -3.29647e-05  2.26254e-05  -1.03393e-05  12.0582  301.914
596  -2.77163e-22  -3.36805e-05  2.32948e-05  -1.03857e-05  12.0726  301.91
598  3.7525e-22  -3.42369e-05  2.38048e-05  -1.04321e-05  12.0875  301.906
600  -2.57622e-22  -3.4615e-05  2.41366e-05  -1.04784e-05  12.1025  301.902
602  -2.3029e-23  -3.48037e-05  2.42789e-05  -1.05248e-05  12.1187  301.899
604  -3.61779e-22  -3.48009e-05  2.42298e-05  -1.05711e-05  12.1366  301.898
606  5.93163e-22  -3.46138e-05  2.39963e-05  -1.06175e-05  12.1536  301.903
608  3.26995e-22  -3.42582e-05  2.35944e-05  -1.06638e-05  12.1696  301.904
610  1.12183e-22  -3.37562e-05  2.30462e-05  -1.071e-05  12.1847  301.902
612  -1.5409e-22  -3.31342e-05  2.23782e-05  -1.0756e-05  12.1994  301.898
614  -1.7045e-22  -3.242e-05  2.16182e-05  -1.08018e-05  12.2141  301.894
616  3.47088e-22  -3.16402e-05  2.07928e-05  -1.08474e-05  12.2293  301.891
618  -1.69438e-22  -3.08187e-05  1.99259e-05  -1.08928e-05  12.2451  301.886
620  -3.11644e-22  -2.99756e-05  1.90375e-05  -1.09381e-05  12.2615  301.89
622  7.01609e-23  -2.91274e-05  1.81439e-05  -1.09834e-05  12.2782  301.893
624  -2.79908e-22  -2.8287e-05  1.72583e-05  -1.10287e-05  12.2947  301.892
626  -8.48597e-23  -2.74649e-05  1.63909e-05  -1.1074e-05  12.3106  301.889
628  6.47815e-22  -2.66689e-05  1.55497e-05  -1.11192e-05  12.3259  301.886
630  -3.67098e-22  -2.59048e-05  1.47405e-05  -1.11643e-05  12.3407  301.882
632  -4.20711e-22  -2.51761e-05  1.39669e-05  -1.12092e-05  12.3551  301.879
634  3.95706e-23  -2.44837e-05  1.32298e-05  -1.1254e-05  12.3698  301.876
636  -6.31191e-22  -2.38261e-05  1.25276e-05  -1.12985e-05  12.3894  301.88
638  4.99672e-22  -2.31993e-05  1.18565e-05  -1.13428e-05  12.4106  301.882
640  2.96319e-22  -2.2598e-05  1.1211e-05  -1.1387e-05  12.4328  301.88
642  2.44341e-22  -2.20168e-05  1.05859e-05  -1.14309e-05  12.4555  301.877
644  -3.06322e-22  -2.14517e-05  9.97691e-06  -1.14748e-05  12.4783  301.873
646  7.88643e-24  -2.09014e-05  9.38288e-06  -1.15186e-05  12.5002  301.87
648  6.8701e-22  -2.03684e-05  8.80604e-06  -1.15623e-05  12.5206  301.866
650  7.49642e-23  -1.98584e-05  8.25227e-06  -1.16061e-05  12.5391  301.864
652  -3.07865e-22  -1.93801e-05  7.73028e-06  -1.16498e-05  12.5558  301.869
654  4.82824e-22  -1.89434e-05  7.25001e-06  -1.16934e-05  12.5709  301.87
656  -4.08662e-22  -1.85577e-05  6.8208e-06  -1.17369e-05  12.5849  301.867
658  -3.85579e-22  -1.82298e-05  6.44968e-06  -1.17801e-05  12.5987  301.864
660  -1.83976e-22  -1.79634e-05  6.14028e-06  -1.18231e-05  12.6126  301.86
662  5.99654e-22  -1.77587e-05  5.89277e-06  -1.18659e-05  12.6268  301.858
664  7.00293e-22  -1.76132e-05  5.7048e-06  -1.19084e-05  12.6455  301.855
666  1.77559e-22  -1.7524e-05  5.57315e-06  -1.19508e-05  12.6654  301.854
668  1.73974e-22  -1.74886e-05  5.49556e-06  -1.19931e-05  12.6847  301.857
670  -6.38243e-22  -1.75075e-05  5.4722e-06  -1.20353e-05  12.7031  301.857
672  -3.71645e-22  -1.75834e-05  5.50599e-06  -1.20774e-05  12.7202  301.854
674  2.53967e-22  -1.77214e-05  5.60193e-06  -1.21195e-05  12.7363  301.851
676  6.14373e-23  -1.79267e-05  5.76527e-06  -1.21614e-05  12.7517  301.848
678  -9.53769e-23  -1.82025e-05  5.99926e-06  -1.22032e-05  12.7668  301.844
680  -1.19233e-22  -1.8548e-05  6.30323e-06  -1.22448e-05  12.7819  301.842
682  -2.96486e-22  -1.89578e-05  6.67156e-06  -1.22862e-05  12.7971  301.842
684  6.00168e-22  -1.94215e-05  7.09406e-06  -1.23275e-05  12.8122  301.845
686  4.92088e-22  -1.99263e-05  7.55759e-06  -1.23687e-05  12.8268  301.844
688  -3.46436e-22  -2.04584e-05  8.04858e-06  -1.24098e-05  12.8405  301.841
690  -3.74174e-22  -2.10064e-05  8.55546e-06  -1.24509e-05  12.8588  301.839
692  3.01793e-22  -2.15625e-05  9.07049e-06  -1.2492e-05  12.8761  301.836
694  -5.9038e-22  -2.21233e-05  9.5903e-06  -1.2533e-05  12.8925  301.832
696  -2.82486e-22  -2.26889e-05  1.01151e-05  -1.25738e-05  12.908  301.83
698  2.24023e-22  -2.32615e-05  1.06471e-05  -1.26145e-05  12.9229  301.83
700  2.52943e-22  -2.38434e-05  1.11886e-05  -1.26548e-05  12.9376  301.833
702  8.54968e-23  -2.44357e-05  1.17409e-05  -1.26949e-05  12.952  301.831
704  4.30902e-22  -2.5038e-05  1.23033e-05  -1.27347e-05  12.9663  301.829
706  -2.44187e-22  -2.56487e-05  1.28744e-05  -1.27743e-05  12.9803  301.826
708  -1.72441e-22  -2.6267e-05  1.34533e-05  -1.28137e-05  12.9939  301.823
710  1.23359e-22  -2.68935e-05  1.40404e-05  -1.28531e-05  13.007  301.82
712  -2.5548e-22  -2.75312e-05  1.46389e-05  -1.28923e-05  13.0238  301.817
714  1.90969e-22  -2.81855e-05  1.52541e-05  -1.29315e-05  13.0436  301.817
716  6.64113e-22  -2.88627e-05  1.58922e-05  -1.29705e-05  13.0633  301.82
718  4.09256e-22  -2.95682e-05  1.65588e-05  -1.30094e-05  13.0827  301.819
720  -5.93558e-22  -3.03045e-05  1.72562e-05  -1.30483e-05  13.1016  301.816
722  -7.76418e-23  -3.10695e-05  1.79825e-05  -1.3087e-05  13.1197  301.813
724  -3.0866e-22  -3.18562e-05  1.87305e-05  -1.31257e-05  13.1366  301.811
726  -1.228e-22  -3.26526e-05  1.94883e-05  -1.31643e-05  13.1516  301.808
728  5.80187e-23  -3.34426e-05  2.02397e-05  -1.32029e-05  13.1643  301.805
730  1.78152e-22  -3.4207e-05  2.09656e-05  -1.32414e-05  13.1741  301.804
732  -3.74883e-23  -3.49247e-05  2.16449e-05  -1.32797e-05  13.1806  301.807
734  -1.21594e-22  -3.55735e-05  2.22555e-05  -1.3318e-05  13.1907  301.806
736  -4.44122e-22  -3.61305e-05  2.27745e-05  -1.3356e-05  13.1998  301.804
738  -2.15224e-22  -3.65729e-05  2.31791e-05  -1.33938e-05  13.2063  301.801
740  4.24773e-22  -3.68786e-05  2.34473e-05  -1.34313e-05  13.2109  301.798
742  -4.78297e-23  -3.7028e-05  2.35594e-05  -1.34687e-05  13.2144  301.795
744  5.07003e-22  -3.70053e-05  2.34994e-05  -1.35059e-05  13.2177  301.792
746  -7.27424e-22  -3.68005e-05  2.32575e-05  -1.3543e-05  13.2216  301.79
748  -3.84747e-22  -3.64111e-05  2.28311e-05  -1.358e-05  13.2265  301.794
750  1.57753e-22  -3.5843e-05  2.2226e-05  -1.3617e-05  13.2324  301.794
752  -3.08977e-23  -3.5111e-05  2.14571e-05  -1.36539e-05  13.2392  301.791
754  1.10725e-22  -3.42376e-05  2.05468e-05  -1.36908e-05  13.2548  301.789
756  -2.42234e-22  -3.32514e-05  1.95238e-05  -1.37276e-05  13.2694  301.786
758  1.23767e-22  -3.21852e-05  1.84208e-05  -1.37643e-05  13.2821  301.783
760  -3.17226e-23  -3.10727e-05  1.72718e-05  -1.38009e-05  13.2926  301.781
762  2.15153e-22  -2.99465e-05  1.61093e-05  -1.38373e-05  13.301  301.778
764  -6.63078e-22  -2.88359e-05  1.49624e-05  -1.38736e-05  13.3078  301.781
766  -1.39974e-22  -2.77649e-05  1.38551e-05  -1.39097e-05  13.3137  301.782
768  -3.13241e-22  -2.67512e-05  1.28055e-05  -1.39458e-05  13.319  301.779
770  -8.15044e-22  -2.58069e-05  1.18252e-05  -1.39817e-05  13.324  301.777
772  8.81058e-22  -2.4938e-05  1.09206e-05  -1.40175e-05  13.336  301.775
774  -1.54084e-23  -2.41464e-05  1.00934e-05  -1.40531e-05  13.3499  301.771
776  -2.03261e-22  -2.34307e-05  9.34204e-06  -1.40886e-05  13.3621  301.769
778  2.76511e-22  -2.27874e-05  8.66329e-06  -1.41241e-05  13.3718  301.767
780  -5.01679e-22  -2.22123e-05  8.05286e-06  -1.41594e-05  13.3786  301.767
782  -2.99007e-22  -2.17009e-05  7.50623e-06  -1.41947e-05  13.3823  301.769
784  -2.82552e-22  -2.12488e-05  7.0189e-06  -1.42299e-05  13.3831  301.768
786  -2.72514e-22  -2.08514e-05  6.58645e-06  -1.42649e-05  13.3815  301.765
788  -9.42149e-23  -2.05045e-05  6.20461e-06  -1.42999e-05  13.3779  301.763
790  1.21591e-23  -2.02041e-05  5.86948e-06  -1.43347e-05  13.3841  301.76
792  -5.48609e-23  -1.99473e-05  5.57797e-06  -1.43693e-05  13.3893  301.758
794  -2.77503e-23  -1.97322e-05  5.3284e-06  -1.44038e-05  13.3935  301.755
796  1.95167e-22  -1.95592e-05  5.12104e-06  -1.44381e-05  13.3968  301.753
798  -7.91705e-22  -1.94308e-05  4.95836e-06  -1.44724e-05  13.3992  301.757
800  -4.10468e-22  -1.93514e-05  4.84479e-06  -1.45066e-05  13.4008  301.757
802  4.54568e-22  -1.93268e-05  4.78599e-06  -1.45408e-05  13.4013  301.754
804  -3.71661e-22  -1.93626e-05  4.78769e-06  -1.45749e-05  13.4005  301.752
806  2.44718e-22  -1.94633e-05  4.85444e-06  -1.46089e-05  13.4062  301.75
808  2.60073e-22  -1.96312e-05  4.98853e-06  -1.46427e-05  13.4133  301.747
810  -5.25969e-22  -1.98659e-05  5.18946e-06  -1.46764e-05  13.4176  301.744
812  6.26462e-22  -2.01641e-05  5.45404e-06  -1.471e-05  13.4185  301.742
814  3.24795e-22  -2.05208e-05  5.7772e-06  -1.47435e-05  13.4159  301.744
816  -4.84764e-22  -2.09302e-05  6.15315e-06  -1.4777e-05  13.4096  301.745
818  -5.00491e-22  -2.13871e-05  6.5766e-06  -1.48105e-05  13.4001  301.744
820  -2.61714e-22  -2.18877e-05  7.04366e-06  -1.4844e-05  13.3878  301.741
822  4.80918e-22  -2.24296e-05  7.55206e-06  -1.48775e-05  13.3813  301.739
824  -6.21116e-22  -2.30116e-05  8.10058e-06  -1.4911e-05  13.3776  301.736
826  1.51798e-23  -2.36323e-05  8.68795e-06  -1.49443e-05  13.3726  301.734
828  3.46873e-22  -2.42889e-05  9.31136e-06  -1.49775e-05  13.3664  301.731
830  -2.53663e-22  -2.49757e-05  9.96525e-06  -1.50105e-05  13.3587  301.731
832  2.24806e-22  -2.5684e-05  1.06407e-05  -1.50432e-05  13.3493  301.734
834  -1.411e-22  -2.64018e-05  1.1326e-05  -1.50758e-05  13.3381  301.733
836  6.27889e-22  -2.71159e-05  1.20077e-05  -1.51082e-05  13.3248  301.731
838  -7.94627e-22  -2.78133e-05  1.26727e-05  -1.51406e-05  13.3208  301.728
840  2.00414e-22  -2.84836e-05  1.33106e-05  -1.5173e-05  13.3159  301.726
842  2.33292e-22  -2.91204e-05  1.3915e-05  -1.52054e-05  13.3089  301.724
844  -3.2801e-22  -2.97225e-05  1.44847e-05  -1.52378e-05  13.2999  301.721
846  -5.45632e-22  -3.02932e-05  1.50229e-05  -1.52703e-05  13.2888  301.719
848  -6.33155e-22  -3.08388e-05  1.5536e-05  -1.53028e-05  13.2757  301.721
850  -6.80736e-22  -3.13668e-05  1.60315e-05  -1.53353e-05  13.2605  301.723
852  -2.81803e-22  -3.18839e-05  1.65162e-05  -1.53677e-05  13.2466  301.721
854  3.1176e-22  -3.23944e-05  1.69945e-05  -1.53999e-05  13.2398  301.719
856  -3.41286e-23  -3.29001e-05  1.74681e-05  -1.54321e-05  13.2311  301.716
858  -3.50922e-22  -3.34006e-05  1.79365e-05  -1.54641e-05  13.2207  301.713
860  -1.93534e-22  -3.38941e-05  1.83979e-05  -1.54961e-05  13.2087  301.711
862  -1.03994e-22  -3.43787e-05  1.88506e-05  -1.55281e-05  13.195  301.709
864  -1.20358e-22  -3.48531e-05  1.9293e-05  -1.55601e-05  13.1796  301.708
866  1.6434e-22  -3.53162e-05  1.97241e-05  -1.55921e-05  13.162  301.711
868  4.39798e-22  -3.57661e-05  2.0142e-05  -1.56241e-05  13.152  301.711
870  -3.54517e-22  -3.61988e-05  2.05428e-05  -1.5656e-05  13.1405  301.709
872  -1.06076e-21  -3.66067e-05  2.09189e-05  -1.56878e-05  13.1249  301.707
874  -6.56824e-23  -3.69778e-05  2.12583e-05  -1.57195e-05  13.1047  301.704
876  3.61134e-22  -3.72956e-05  2.15445e-05  -1.57512e-05  13.0803  301.702
878  -1.14452e-22  -3.75406e-05  2.17578e-05  -1.57828e-05  13.0521  301.699
880  2.41765e-22  -3.76917e-05  2.18773e-05  -1.58144e-05  13.021  301.697
882  5.1613e-22  -3.77287e-05  2.18825e-05  -1.58461e-05  12.9919  301.699
884  -2.99446e-22  -3.76339e-05  2.17559e-05  -1.58779e-05  12.9698  301.701
886  3.03311e-22  -3.7394e-05  2.14841e-05  -1.59098e-05  12.9793  301.7
888  3.8494e-22  -3.70007e-05  2.1059e-05  -1.59417e-05  13.0032  301.698
890  3.69889e-22  -3.64513e-05  2.04777e-05  -1.59736e-05  13.025  301.695
892  -7.75988e-22  -3.57484e-05  1.9743e-05  -1.60054e-05  13.0441  301.693
894  -3.32359e-22  -3.49004e-05  1.88633e-05  -1.60371e-05  13.0599  301.691
896  -5.22582e-22  -3.39212e-05  1.78524e-05  -1.60688e-05  13.0717  301.688
898  -2.82924e-22  -3.28304e-05  1.67301e-05  -1.61004e-05  13.101  301.686
900  7.433e-22  -3.16534e-05  1.55215e-05  -1.61318e-05  13.1281  301.69
902  5.58076e-22  -3.04201e-05  1.42568e-05  -1.61633e-05  13.1513  301.691
904  2.45372e-23  -2.91643e-05  1.29697e-05  -1.61947e-05  13.1708  301.689
906  3.78325e-22  -2.7921e-05  1.16949e-05  -1.6226e-05  13.1872  301.687
908  1.46124e-22  -2.67238e-05  1.04664e-05  -1.62574e-05  13.201  301.685
910  -2.136e-23  -2.56028e-05  9.31416e-06  -1.62887e-05  13.2124  301.682
912  5.37616e-22  -2.45819e-05  8.26201e-06  -1.63199e-05  13.2218  301.679
914  1.65331e-22  -2.36776e-05  7.32644e-06  -1.63512e-05  13.2297  301.677
916  5.39873e-22  -2.28985e-05  6.51608e-06  -1.63825e-05  13.2571  301.677
918  -2.72728e-22  -2.22461e-05  5.83233e-06  -1.64138e-05  13.2822  301.681
920  2.84011e-22  -2.1716e-05  5.27076e-06  -1.64452e-05  13.3047  301.681
922  1.76934e-22  -2.12996e-05  4.82292e-06  -1.64767e-05  13.324  301.679
924  -3.41764e-22  -2.09864e-05  4.47814e-06  -1.65082e-05  13.3394  301.677
926  -1.52012e-22  -2.0765e-05  4.22517e-06  -1.65398e-05  13.3505  301.674
928  8.26504e-24  -2.06247e-05  4.05332e-06  -1.65714e-05  13.3569  301.672
930  -6.63082e-22  -2.05561e-05  3.95317e-06  -1.6603e-05  13.3587  301.669
932  8.81395e-22  -2.05514e-05  3.9169e-06  -1.66345e-05  13.3594  301.667
934  -5.48674e-24  -2.06043e-05  3.93826e-06  -1.6666e-05  13.376  301.669
936  -1.19774e-23  -2.07099e-05  4.01241e-06  -1.66975e-05  13.39  301.671
938  -1.34645e-22  -2.08646e-05  4.13576e-06  -1.67288e-05  13.4003  301.671
940  -9.65158e-22  -2.10659e-05  4.30571e-06  -1.67602e-05  13.4071  301.669
942  -1.34636e-22  -2.1312e-05  4.5206e-06  -1.67914e-05  13.4103  301.666
944  2.29529e-22  -2.16022e-05  4.77958e-06  -1.68226e-05  13.4127  301.664
946  -3.00637e-22  -2.19365e-05  5.0826e-06  -1.68539e-05  13.4217  301.662
948  2.4409e-22  -2.23154e-05  5.43028e-06  -1.68851e-05  13.4374  301.659
950  -1.31926e-22  -2.274e-05  5.82365e-06  -1.69164e-05  13.4499  301.656
952  -7.82057e-22  -2.32114e-05  6.26371e-06  -1.69477e-05  13.46  301.66
954  2.74896e-22  -2.37298e-05  6.75086e-06  -1.69789e-05  13.4681  301.662
956  -6.84076e-22  -2.42944e-05  7.28427e-06  -1.70101e-05  13.4748  301.662
958  8.70577e-22  -2.49027e-05  7.86131e-06  -1.70413e-05  13.4801  301.659
960  5.11905e-22  -2.55499e-05  8.47731e-06  -1.70726e-05  13.4839  301.657
962  3.43262e-22  -2.62296e-05  9.12569e-06  -1.71039e-05  13.4857  301.654
964  -4.6032e-22  -2.69338e-05  9.79853e-06  -1.71353e-05  13.4961  301.652
966  -1.08273e-22  -2.76541e-05  1.04874e-05  -1.71667e-05  13.5091  301.65
968  -2.78498e-22  -2.83825e-05  1.11843e-05  -1.71982e-05  13.5183  301.648
970  2.80118e-22  -2.91122e-05  1.18824e-05  -1.72298e-05  13.5233  301.652
972  -8.03424e-22  -2.98375e-05  1.25761e-05  -1.72614e-05  13.5241  301.654
974  -4.44356e-22  -3.05543e-05  1.32614e-05  -1.7293e-05  13.521  301.653
976  4.98889e-22  -3.12589e-05  1.39344e-05  -1.73245e-05  13.5142  301.65
978  1.61745e-22  -3.1947e-05  1.4591e-05  -1.7356e-05  13.5043  301.648
980  -5.29287e-23  -3.26134e-05  1.5226e-05  -1.73874e-05  13.4914  301.645
982  -6.2749e-22  -3.32513e-05  1.58325e-05  -1.74188e-05  13.4803  301.643
984  -2.71321e-22  -3.38526e-05  1.64024e-05  -1.74502e-05  13.4775  301.641
986  5.7134e-22  -3.44092e-05  1.69276e-05  -1.74815e-05  13.4728  301.64
988  3.7805e-22  -3.49137e-05  1.74008e-05  -1.75129e-05  13.4666  301.644
990  -6.34601e-22  -3.53614e-05  1.78172e-05  -1.75443e-05  13.4593  301.645
992  -6.57204e-22  -3.57514e-05  1.81757e-05  -1.75757e-05  13.4513  301.644
994  1.91965e-22  -3.60864e-05  1.84792e-05  -1.76072e-05  13.4428  301.642
996  1.8026e-22  -3.63728e-05  1.87341e-05  -1.76387e-05  13.4337  301.639
998  3.06654e-23  -3.66194e-05  1.89491e-05  -1.76703e-05  13.4238  301.637
1000  8.67268e-23  -3.68352e-05  1.91333e-05  -1.77019e-05  13.4128  301.634
