# Buoyancy boundary layer depth time series
# <\delta_b(t)> averaged between 100.000000 and 200.000000 with sampling frequency 1.000000
# time		 max(var(b)) in [0, H/2]	 z(max(var(b))in [0, H/2])	  max(var(b))in [H/2, H]	 z(max(var(b))in [H/2, H])	 \delta_b[inst.]	  max(<var(b)>)in [0, H/2]	 z(max(<var(b)>)in [0, H/2])	  max(<var(b)>)in [H/2, H]	 z(max(<var(b)>)in [H/2, H])	 \delta_b[av.]	 
100.000000	 0.021616	 0.032500	 0.023730	 0.967500	 0.032500	 0.021616	 0.032500	 0.023730	 0.967500	 0.032500	 
101.000000	 0.024034	 0.032500	 0.022930	 0.967500	 0.032500	 0.022825	 0.032500	 0.023330	 0.967500	 0.032500	 
102.000000	 0.025042	 0.032500	 0.021537	 0.972500	 0.030000	 0.023564	 0.032500	 0.022721	 0.967500	 0.032500	 
103.000000	 0.024080	 0.027500	 0.020762	 0.972500	 0.027500	 0.023659	 0.032500	 0.022166	 0.967500	 0.032500	 
104.000000	 0.023540	 0.027500	 0.020903	 0.972500	 0.027500	 0.023575	 0.032500	 0.021863	 0.967500	 0.032500	 
105.000000	 0.022483	 0.027500	 0.022822	 0.972500	 0.027500	 0.023323	 0.032500	 0.021983	 0.967500	 0.032500	 
106.000000	 0.021138	 0.027500	 0.024178	 0.972500	 0.027500	 0.022936	 0.032500	 0.022289	 0.972500	 0.030000	 
107.000000	 0.020432	 0.027500	 0.024288	 0.972500	 0.027500	 0.022613	 0.032500	 0.022539	 0.972500	 0.030000	 
108.000000	 0.022404	 0.032500	 0.025181	 0.967500	 0.032500	 0.022590	 0.032500	 0.022829	 0.972500	 0.030000	 
109.000000	 0.024595	 0.027500	 0.026231	 0.972500	 0.027500	 0.022780	 0.032500	 0.023169	 0.972500	 0.030000	 
110.000000	 0.025990	 0.027500	 0.025561	 0.972500	 0.027500	 0.023044	 0.027500	 0.023387	 0.972500	 0.027500	 
111.000000	 0.025535	 0.027500	 0.024713	 0.967500	 0.030000	 0.023251	 0.027500	 0.023487	 0.972500	 0.027500	 
112.000000	 0.025470	 0.027500	 0.024491	 0.967500	 0.030000	 0.023422	 0.027500	 0.023541	 0.972500	 0.027500	 
113.000000	 0.027822	 0.027500	 0.023407	 0.972500	 0.027500	 0.023736	 0.027500	 0.023532	 0.972500	 0.027500	 
114.000000	 0.029747	 0.027500	 0.021563	 0.972500	 0.027500	 0.024137	 0.027500	 0.023400	 0.972500	 0.027500	 
115.000000	 0.029987	 0.027500	 0.021524	 0.972500	 0.027500	 0.024503	 0.027500	 0.023283	 0.972500	 0.027500	 
116.000000	 0.029112	 0.027500	 0.022915	 0.967500	 0.030000	 0.024774	 0.027500	 0.023257	 0.972500	 0.027500	 
117.000000	 0.029905	 0.027500	 0.025119	 0.972500	 0.027500	 0.025059	 0.027500	 0.023361	 0.972500	 0.027500	 
118.000000	 0.029917	 0.027500	 0.024039	 0.972500	 0.027500	 0.025315	 0.027500	 0.023396	 0.972500	 0.027500	 
119.000000	 0.027984	 0.027500	 0.021866	 0.972500	 0.027500	 0.025448	 0.027500	 0.023320	 0.972500	 0.027500	 
120.000000	 0.026084	 0.027500	 0.025212	 0.967500	 0.030000	 0.025478	 0.027500	 0.023381	 0.972500	 0.027500	 
121.000000	 0.024683	 0.027500	 0.027029	 0.972500	 0.027500	 0.025442	 0.027500	 0.023547	 0.972500	 0.027500	 
122.000000	 0.025374	 0.027500	 0.026830	 0.972500	 0.027500	 0.025439	 0.027500	 0.023690	 0.972500	 0.027500	 
123.000000	 0.027005	 0.027500	 0.026580	 0.967500	 0.030000	 0.025505	 0.027500	 0.023807	 0.972500	 0.027500	 
124.000000	 0.028205	 0.027500	 0.027549	 0.967500	 0.030000	 0.025613	 0.027500	 0.023956	 0.972500	 0.027500	 
125.000000	 0.027629	 0.027500	 0.027567	 0.972500	 0.027500	 0.025690	 0.027500	 0.024095	 0.972500	 0.027500	 
126.000000	 0.026661	 0.027500	 0.025397	 0.972500	 0.027500	 0.025726	 0.027500	 0.024143	 0.972500	 0.027500	 
127.000000	 0.025056	 0.027500	 0.024233	 0.972500	 0.027500	 0.025702	 0.027500	 0.024146	 0.972500	 0.027500	 
128.000000	 0.022974	 0.027500	 0.024349	 0.967500	 0.030000	 0.025608	 0.027500	 0.024151	 0.972500	 0.027500	 
129.000000	 0.023179	 0.027500	 0.025587	 0.967500	 0.030000	 0.025527	 0.027500	 0.024175	 0.972500	 0.027500	 
130.000000	 0.024708	 0.027500	 0.026410	 0.967500	 0.030000	 0.025501	 0.027500	 0.024241	 0.972500	 0.027500	 
131.000000	 0.025791	 0.027500	 0.027156	 0.972500	 0.027500	 0.025510	 0.027500	 0.024332	 0.972500	 0.027500	 
132.000000	 0.026410	 0.027500	 0.027907	 0.972500	 0.027500	 0.025537	 0.027500	 0.024440	 0.972500	 0.027500	 
133.000000	 0.026664	 0.027500	 0.027983	 0.972500	 0.027500	 0.025570	 0.027500	 0.024544	 0.972500	 0.027500	 
134.000000	 0.028258	 0.027500	 0.028200	 0.972500	 0.027500	 0.025647	 0.027500	 0.024649	 0.972500	 0.027500	 
135.000000	 0.029314	 0.027500	 0.029090	 0.972500	 0.027500	 0.025749	 0.027500	 0.024772	 0.972500	 0.027500	 
136.000000	 0.028689	 0.027500	 0.030756	 0.972500	 0.027500	 0.025828	 0.027500	 0.024934	 0.972500	 0.027500	 
137.000000	 0.026868	 0.027500	 0.031288	 0.972500	 0.027500	 0.025856	 0.027500	 0.025101	 0.972500	 0.027500	 
138.000000	 0.024599	 0.027500	 0.031064	 0.972500	 0.027500	 0.025823	 0.027500	 0.025254	 0.972500	 0.027500	 
139.000000	 0.023442	 0.032500	 0.031178	 0.972500	 0.030000	 0.025755	 0.027500	 0.025402	 0.972500	 0.027500	 
140.000000	 0.022430	 0.032500	 0.029179	 0.972500	 0.030000	 0.025666	 0.027500	 0.025494	 0.972500	 0.027500	 
141.000000	 0.021482	 0.032500	 0.026644	 0.972500	 0.030000	 0.025563	 0.027500	 0.025522	 0.972500	 0.027500	 
142.000000	 0.021479	 0.032500	 0.025954	 0.972500	 0.030000	 0.025465	 0.027500	 0.025532	 0.972500	 0.027500	 
143.000000	 0.022187	 0.032500	 0.024719	 0.972500	 0.030000	 0.025385	 0.027500	 0.025513	 0.972500	 0.027500	 
144.000000	 0.022889	 0.032500	 0.027209	 0.967500	 0.032500	 0.025323	 0.027500	 0.025541	 0.972500	 0.027500	 
145.000000	 0.022666	 0.027500	 0.029932	 0.972500	 0.027500	 0.025265	 0.027500	 0.025637	 0.972500	 0.027500	 
146.000000	 0.022012	 0.027500	 0.030674	 0.972500	 0.027500	 0.025196	 0.027500	 0.025744	 0.972500	 0.027500	 
147.000000	 0.021765	 0.027500	 0.029701	 0.972500	 0.027500	 0.025124	 0.027500	 0.025826	 0.972500	 0.027500	 
148.000000	 0.023284	 0.032500	 0.028620	 0.967500	 0.032500	 0.025079	 0.027500	 0.025883	 0.972500	 0.027500	 
149.000000	 0.025178	 0.032500	 0.029223	 0.967500	 0.032500	 0.025072	 0.027500	 0.025943	 0.972500	 0.027500	 
150.000000	 0.025249	 0.032500	 0.029060	 0.967500	 0.032500	 0.025073	 0.027500	 0.026003	 0.972500	 0.027500	 
151.000000	 0.023522	 0.032500	 0.028030	 0.972500	 0.030000	 0.025036	 0.027500	 0.026042	 0.972500	 0.027500	 
152.000000	 0.023695	 0.032500	 0.027357	 0.972500	 0.030000	 0.024994	 0.027500	 0.026067	 0.972500	 0.027500	 
153.000000	 0.025555	 0.032500	 0.026892	 0.972500	 0.030000	 0.024995	 0.027500	 0.026082	 0.972500	 0.027500	 
154.000000	 0.027277	 0.032500	 0.028004	 0.967500	 0.032500	 0.025029	 0.027500	 0.026116	 0.972500	 0.027500	 
155.000000	 0.030650	 0.032500	 0.029252	 0.972500	 0.030000	 0.025119	 0.027500	 0.026172	 0.972500	 0.027500	 
156.000000	 0.033640	 0.032500	 0.029286	 0.972500	 0.030000	 0.025259	 0.027500	 0.026227	 0.972500	 0.027500	 
157.000000	 0.034837	 0.032500	 0.029411	 0.972500	 0.030000	 0.025419	 0.027500	 0.026281	 0.972500	 0.027500	 
158.000000	 0.033760	 0.032500	 0.031643	 0.972500	 0.030000	 0.025560	 0.027500	 0.026372	 0.972500	 0.027500	 
159.000000	 0.033244	 0.027500	 0.032437	 0.972500	 0.027500	 0.025688	 0.027500	 0.026473	 0.972500	 0.027500	 
160.000000	 0.032549	 0.027500	 0.030876	 0.967500	 0.030000	 0.025801	 0.027500	 0.026545	 0.972500	 0.027500	 
161.000000	 0.030961	 0.027500	 0.030280	 0.967500	 0.030000	 0.025884	 0.027500	 0.026603	 0.972500	 0.027500	 
162.000000	 0.029620	 0.027500	 0.028892	 0.972500	 0.027500	 0.025943	 0.027500	 0.026639	 0.972500	 0.027500	 
163.000000	 0.029202	 0.027500	 0.027384	 0.967500	 0.030000	 0.025994	 0.027500	 0.026650	 0.972500	 0.027500	 
164.000000	 0.028777	 0.027500	 0.027145	 0.967500	 0.030000	 0.026037	 0.027500	 0.026652	 0.972500	 0.027500	 
165.000000	 0.027855	 0.027500	 0.027111	 0.967500	 0.030000	 0.026065	 0.027500	 0.026652	 0.972500	 0.027500	 
166.000000	 0.027065	 0.027500	 0.026055	 0.967500	 0.030000	 0.026079	 0.027500	 0.026640	 0.972500	 0.027500	 
167.000000	 0.027229	 0.027500	 0.025502	 0.967500	 0.030000	 0.026096	 0.027500	 0.026617	 0.972500	 0.027500	 
168.000000	 0.027185	 0.027500	 0.025965	 0.967500	 0.030000	 0.026112	 0.027500	 0.026607	 0.972500	 0.027500	 
169.000000	 0.026177	 0.027500	 0.027585	 0.967500	 0.030000	 0.026113	 0.027500	 0.026615	 0.972500	 0.027500	 
170.000000	 0.025687	 0.032500	 0.030880	 0.967500	 0.032500	 0.026103	 0.027500	 0.026665	 0.972500	 0.027500	 
171.000000	 0.027201	 0.032500	 0.032314	 0.967500	 0.032500	 0.026112	 0.027500	 0.026738	 0.972500	 0.027500	 
172.000000	 0.027335	 0.027500	 0.034157	 0.967500	 0.030000	 0.026129	 0.027500	 0.026839	 0.972500	 0.027500	 
173.000000	 0.026555	 0.027500	 0.035040	 0.972500	 0.027500	 0.026135	 0.027500	 0.026950	 0.972500	 0.027500	 
174.000000	 0.026849	 0.027500	 0.034443	 0.972500	 0.027500	 0.026145	 0.027500	 0.027050	 0.972500	 0.027500	 
175.000000	 0.027237	 0.027500	 0.033260	 0.972500	 0.027500	 0.026159	 0.027500	 0.027131	 0.972500	 0.027500	 
176.000000	 0.027999	 0.032500	 0.032944	 0.972500	 0.030000	 0.026179	 0.027500	 0.027207	 0.972500	 0.027500	 
177.000000	 0.029547	 0.032500	 0.032551	 0.972500	 0.030000	 0.026218	 0.027500	 0.027275	 0.972500	 0.027500	 
178.000000	 0.029437	 0.027500	 0.030648	 0.972500	 0.027500	 0.026258	 0.027500	 0.027318	 0.972500	 0.027500	 
179.000000	 0.030236	 0.032500	 0.028803	 0.972500	 0.030000	 0.026306	 0.027500	 0.027337	 0.972500	 0.027500	 
180.000000	 0.032680	 0.032500	 0.027639	 0.972500	 0.030000	 0.026379	 0.027500	 0.027340	 0.972500	 0.027500	 
181.000000	 0.033469	 0.032500	 0.027453	 0.972500	 0.030000	 0.026462	 0.027500	 0.027342	 0.972500	 0.027500	 
182.000000	 0.033488	 0.032500	 0.027255	 0.972500	 0.030000	 0.026545	 0.027500	 0.027341	 0.972500	 0.027500	 
183.000000	 0.032522	 0.027500	 0.027072	 0.972500	 0.027500	 0.026616	 0.027500	 0.027337	 0.972500	 0.027500	 
184.000000	 0.031217	 0.027500	 0.026709	 0.967500	 0.030000	 0.026670	 0.027500	 0.027328	 0.972500	 0.027500	 
185.000000	 0.029729	 0.027500	 0.029099	 0.967500	 0.030000	 0.026705	 0.027500	 0.027343	 0.972500	 0.027500	 
186.000000	 0.029283	 0.027500	 0.030708	 0.967500	 0.030000	 0.026735	 0.027500	 0.027381	 0.972500	 0.027500	 
187.000000	 0.029343	 0.027500	 0.031877	 0.967500	 0.030000	 0.026765	 0.027500	 0.027432	 0.972500	 0.027500	 
188.000000	 0.028855	 0.027500	 0.033187	 0.967500	 0.030000	 0.026788	 0.027500	 0.027491	 0.972500	 0.027500	 
189.000000	 0.027997	 0.027500	 0.033551	 0.967500	 0.030000	 0.026802	 0.027500	 0.027556	 0.972500	 0.027500	 
190.000000	 0.027411	 0.027500	 0.032413	 0.972500	 0.027500	 0.026808	 0.027500	 0.027609	 0.972500	 0.027500	 
191.000000	 0.028872	 0.027500	 0.029564	 0.972500	 0.027500	 0.026831	 0.027500	 0.027630	 0.972500	 0.027500	 
192.000000	 0.030335	 0.027500	 0.027658	 0.967500	 0.030000	 0.026868	 0.027500	 0.027627	 0.972500	 0.027500	 
193.000000	 0.031900	 0.032500	 0.029679	 0.967500	 0.032500	 0.026919	 0.027500	 0.027641	 0.972500	 0.027500	 
194.000000	 0.032021	 0.032500	 0.029774	 0.967500	 0.032500	 0.026971	 0.027500	 0.027663	 0.972500	 0.027500	 
195.000000	 0.030538	 0.027500	 0.028372	 0.972500	 0.027500	 0.027009	 0.027500	 0.027671	 0.972500	 0.027500	 
196.000000	 0.029277	 0.032500	 0.027299	 0.967500	 0.032500	 0.027028	 0.027500	 0.027667	 0.972500	 0.027500	 
197.000000	 0.030534	 0.032500	 0.027046	 0.967500	 0.032500	 0.027058	 0.027500	 0.027656	 0.972500	 0.027500	 
198.000000	 0.031145	 0.027500	 0.027853	 0.967500	 0.030000	 0.027099	 0.027500	 0.027649	 0.972500	 0.027500	 
199.000000	 0.031169	 0.027500	 0.028327	 0.962500	 0.032500	 0.027140	 0.027500	 0.027646	 0.972500	 0.027500	 
200.000000	 0.029299	 0.027500	 0.028929	 0.962500	 0.032500	 0.027161	 0.027500	 0.027650	 0.972500	 0.027500	 
