# Velocity boundary layer depth time series
# <\delta_u(t)> averaged between 100.000000 and 200.000000 with sampling frequency 1.000000
# time		 max(Re_uxRMS)in [0, H/2]	 z(max(Re_uxRMS)in [0, H/2])	  max(Re_uxRMS)in [H/2, H]	 z(max(Re_uxRMS)in [H/2, H])	 \delta_u[inst.]	  max(<Re_uxRMS>)in [0, H/2]	 z(max(<Re_uxRMS>)in [0, H/2])	  max(<Re_uxRMS>)in [H/2, H]	 z(max(<Re_uxRMS>)in [H/2, H])	 \delta_u[av.]	 
100.000000	 1924.098305	 0.067500	 1734.098925	 0.902500	 0.082500	 1924.098305	 0.067500	 1734.098925	 0.902500	 0.082500	 
101.000000	 1924.271456	 0.067500	 1772.352566	 0.852500	 0.107500	 1924.184880	 0.067500	 1743.763128	 0.857500	 0.105000	 
102.000000	 1918.883339	 0.062500	 1796.636934	 0.862500	 0.100000	 1922.284524	 0.067500	 1761.344956	 0.862500	 0.102500	 
103.000000	 1906.176063	 0.067500	 1830.291778	 0.882500	 0.092500	 1918.257409	 0.067500	 1776.796893	 0.872500	 0.097500	 
104.000000	 1893.700668	 0.072500	 1890.933351	 0.902500	 0.085000	 1912.820172	 0.067500	 1794.833602	 0.887500	 0.090000	 
105.000000	 1893.368571	 0.092500	 1937.820241	 0.922500	 0.085000	 1905.926919	 0.067500	 1810.161311	 0.897500	 0.085000	 
106.000000	 1903.834352	 0.092500	 1958.150519	 0.932500	 0.080000	 1903.061787	 0.072500	 1821.838935	 0.907500	 0.082500	 
107.000000	 1912.124389	 0.087500	 1941.719535	 0.942500	 0.072500	 1902.233896	 0.072500	 1829.089318	 0.917500	 0.077500	 
108.000000	 1900.418891	 0.082500	 1895.725057	 0.947500	 0.067500	 1901.680804	 0.072500	 1832.632106	 0.917500	 0.077500	 
109.000000	 1900.055184	 0.082500	 1866.644397	 0.932500	 0.075000	 1901.289570	 0.077500	 1835.528167	 0.922500	 0.077500	 
110.000000	 1926.873797	 0.087500	 1856.788057	 0.922500	 0.082500	 1903.019010	 0.077500	 1837.460885	 0.922500	 0.077500	 
111.000000	 1947.462194	 0.082500	 1850.979270	 0.917500	 0.082500	 1906.500003	 0.077500	 1838.352966	 0.922500	 0.077500	 
112.000000	 1976.807840	 0.082500	 1838.010143	 0.917500	 0.082500	 1911.731147	 0.077500	 1838.302768	 0.917500	 0.080000	 
113.000000	 2006.924094	 0.077500	 1808.204566	 0.927500	 0.075000	 1918.530644	 0.077500	 1836.028756	 0.922500	 0.077500	 
114.000000	 2034.490086	 0.077500	 1812.870366	 0.917500	 0.080000	 1926.261273	 0.077500	 1834.427010	 0.922500	 0.077500	 
115.000000	 2054.350476	 0.077500	 1866.146557	 0.922500	 0.077500	 1934.266848	 0.077500	 1836.409481	 0.922500	 0.077500	 
116.000000	 2060.164091	 0.072500	 1914.024115	 0.917500	 0.077500	 1941.593980	 0.077500	 1840.894630	 0.922500	 0.077500	 
117.000000	 2062.056896	 0.062500	 1964.866484	 0.912500	 0.075000	 1947.720014	 0.077500	 1847.550653	 0.917500	 0.080000	 
118.000000	 2051.116637	 0.062500	 1980.092820	 0.917500	 0.072500	 1952.603204	 0.077500	 1854.526557	 0.917500	 0.080000	 
119.000000	 2020.260630	 0.062500	 1956.680522	 0.927500	 0.067500	 1955.332174	 0.077500	 1859.412293	 0.917500	 0.080000	 
120.000000	 1982.126168	 0.062500	 1945.232861	 0.927500	 0.067500	 1955.895291	 0.072500	 1863.422201	 0.922500	 0.075000	 
121.000000	 1952.785503	 0.057500	 1960.963480	 0.912500	 0.072500	 1955.052856	 0.072500	 1867.780269	 0.922500	 0.075000	 
122.000000	 1934.845216	 0.057500	 1976.707001	 0.917500	 0.070000	 1953.035918	 0.072500	 1872.488060	 0.917500	 0.077500	 
123.000000	 1921.226152	 0.052500	 1921.165224	 0.927500	 0.062500	 1950.131056	 0.072500	 1874.480690	 0.922500	 0.075000	 
124.000000	 1897.401390	 0.052500	 1875.144716	 0.922500	 0.065000	 1947.133131	 0.072500	 1874.507251	 0.922500	 0.075000	 
125.000000	 1907.987906	 0.067500	 1886.005775	 0.897500	 0.085000	 1945.621660	 0.072500	 1874.561927	 0.917500	 0.077500	 
126.000000	 1962.716494	 0.077500	 1909.432689	 0.902500	 0.087500	 1946.193214	 0.072500	 1875.544359	 0.917500	 0.077500	 
127.000000	 2011.045610	 0.082500	 1914.899334	 0.902500	 0.090000	 1948.195107	 0.072500	 1876.671465	 0.917500	 0.077500	 
128.000000	 2058.240968	 0.097500	 1917.162571	 0.912500	 0.092500	 1951.118853	 0.072500	 1877.988223	 0.917500	 0.077500	 
129.000000	 2117.672419	 0.092500	 1910.780417	 0.917500	 0.087500	 1955.768167	 0.072500	 1879.081296	 0.917500	 0.077500	 
130.000000	 2150.784294	 0.077500	 1914.131262	 0.917500	 0.080000	 1962.031703	 0.072500	 1880.211940	 0.917500	 0.077500	 
131.000000	 2171.717143	 0.067500	 1939.475678	 0.922500	 0.072500	 1968.516366	 0.072500	 1882.043166	 0.917500	 0.077500	 
132.000000	 2172.339417	 0.062500	 1985.744952	 0.927500	 0.067500	 1974.418440	 0.072500	 1885.075667	 0.917500	 0.077500	 
133.000000	 2153.226591	 0.052500	 2026.519353	 0.927500	 0.062500	 1978.778406	 0.072500	 1889.003306	 0.917500	 0.077500	 
134.000000	 2099.236792	 0.052500	 2058.930683	 0.927500	 0.062500	 1981.118089	 0.072500	 1893.628171	 0.917500	 0.077500	 
135.000000	 2040.244531	 0.047500	 2084.548289	 0.927500	 0.060000	 1981.743556	 0.072500	 1898.720695	 0.917500	 0.077500	 
136.000000	 1990.237349	 0.052500	 2111.711869	 0.927500	 0.062500	 1981.013596	 0.072500	 1904.303672	 0.922500	 0.075000	 
137.000000	 1934.354668	 0.057500	 2117.941977	 0.937500	 0.060000	 1979.410372	 0.072500	 1909.538878	 0.922500	 0.075000	 
138.000000	 1901.463725	 0.067500	 2102.699195	 0.937500	 0.065000	 1977.376077	 0.072500	 1914.141167	 0.922500	 0.075000	 
139.000000	 1877.187729	 0.092500	 2126.632117	 0.932500	 0.080000	 1974.797318	 0.072500	 1919.258020	 0.922500	 0.075000	 
140.000000	 1874.303023	 0.112500	 2177.109557	 0.932500	 0.090000	 1971.888862	 0.072500	 1925.417508	 0.922500	 0.075000	 
141.000000	 1876.510947	 0.097500	 2194.739810	 0.932500	 0.082500	 1969.371388	 0.072500	 1931.733709	 0.922500	 0.075000	 
142.000000	 1906.516384	 0.077500	 2216.364922	 0.932500	 0.072500	 1967.860770	 0.072500	 1938.203699	 0.922500	 0.075000	 
143.000000	 1939.000239	 0.072500	 2238.280140	 0.937500	 0.067500	 1967.204849	 0.072500	 1944.527887	 0.922500	 0.075000	 
144.000000	 1946.596144	 0.067500	 2232.576233	 0.937500	 0.065000	 1966.694667	 0.072500	 1950.421844	 0.922500	 0.075000	 
145.000000	 1948.995097	 0.067500	 2189.812459	 0.937500	 0.065000	 1966.280765	 0.072500	 1955.445217	 0.922500	 0.075000	 
146.000000	 1968.203533	 0.067500	 2149.198706	 0.927500	 0.070000	 1966.259114	 0.072500	 1959.564185	 0.922500	 0.075000	 
147.000000	 1979.389420	 0.067500	 2102.570860	 0.932500	 0.067500	 1966.470107	 0.072500	 1962.502088	 0.922500	 0.075000	 
148.000000	 1977.118167	 0.072500	 2049.376908	 0.937500	 0.067500	 1966.687414	 0.072500	 1964.218283	 0.922500	 0.075000	 
149.000000	 2001.655178	 0.087500	 2036.665020	 0.897500	 0.095000	 1967.139510	 0.072500	 1965.464892	 0.922500	 0.075000	 
150.000000	 2057.345872	 0.092500	 2036.395144	 0.897500	 0.097500	 1968.386903	 0.072500	 1966.557394	 0.922500	 0.075000	 
151.000000	 2094.473579	 0.092500	 2027.223446	 0.912500	 0.090000	 1970.356451	 0.072500	 1967.670343	 0.922500	 0.075000	 
152.000000	 2103.735790	 0.092500	 2042.212159	 0.927500	 0.082500	 1972.705982	 0.072500	 1969.048748	 0.922500	 0.075000	 
153.000000	 2153.828953	 0.082500	 2051.721137	 0.937500	 0.072500	 1975.909443	 0.072500	 1970.293373	 0.922500	 0.075000	 
154.000000	 2184.462680	 0.082500	 2037.366473	 0.942500	 0.070000	 1979.631847	 0.072500	 1971.201891	 0.922500	 0.075000	 
155.000000	 2211.028206	 0.087500	 2031.667966	 0.942500	 0.072500	 1983.479228	 0.072500	 1971.932877	 0.922500	 0.075000	 
156.000000	 2201.858800	 0.082500	 2045.303900	 0.947500	 0.067500	 1987.250978	 0.072500	 1972.663505	 0.927500	 0.072500	 
157.000000	 2203.340024	 0.077500	 2055.514059	 0.947500	 0.065000	 1990.952990	 0.072500	 1973.453778	 0.927500	 0.072500	 
158.000000	 2197.992565	 0.077500	 2054.885271	 0.947500	 0.065000	 1994.461155	 0.072500	 1974.354241	 0.927500	 0.072500	 
159.000000	 2187.865588	 0.072500	 2067.899305	 0.937500	 0.067500	 1997.684562	 0.072500	 1975.681809	 0.927500	 0.072500	 
160.000000	 2166.340194	 0.067500	 2054.119928	 0.932500	 0.067500	 2000.398084	 0.072500	 1976.927442	 0.927500	 0.072500	 
161.000000	 2136.714444	 0.057500	 2058.105418	 0.912500	 0.072500	 2002.200994	 0.072500	 1978.158812	 0.927500	 0.072500	 
162.000000	 2104.506218	 0.052500	 2084.508796	 0.912500	 0.070000	 2003.321788	 0.072500	 1979.693247	 0.927500	 0.072500	 
163.000000	 2078.461592	 0.052500	 2080.598763	 0.902500	 0.075000	 2003.919276	 0.072500	 1981.209225	 0.927500	 0.072500	 
164.000000	 2060.858179	 0.052500	 2113.489227	 0.892500	 0.080000	 2004.304525	 0.072500	 1982.806348	 0.927500	 0.072500	 
165.000000	 2066.645761	 0.057500	 2152.943352	 0.892500	 0.082500	 2004.940130	 0.072500	 1984.741393	 0.927500	 0.072500	 
166.000000	 2081.465026	 0.057500	 2153.885824	 0.902500	 0.077500	 2005.923429	 0.072500	 1986.954630	 0.927500	 0.072500	 
167.000000	 2095.100452	 0.067500	 2154.532123	 0.912500	 0.077500	 2007.202740	 0.072500	 1989.215458	 0.927500	 0.072500	 
168.000000	 2102.955936	 0.067500	 2163.266936	 0.922500	 0.072500	 2008.578158	 0.072500	 1991.707237	 0.927500	 0.072500	 
169.000000	 2087.727969	 0.067500	 2173.786405	 0.922500	 0.072500	 2009.660258	 0.072500	 1994.285110	 0.927500	 0.072500	 
170.000000	 2060.592290	 0.072500	 2176.458330	 0.927500	 0.072500	 2010.377611	 0.072500	 1996.850930	 0.927500	 0.072500	 
171.000000	 2061.554858	 0.072500	 2163.588766	 0.932500	 0.070000	 2011.088406	 0.072500	 1999.132187	 0.927500	 0.072500	 
172.000000	 2075.773953	 0.057500	 2153.296446	 0.937500	 0.060000	 2011.796855	 0.072500	 2001.152624	 0.927500	 0.072500	 
173.000000	 2092.582823	 0.062500	 2152.755903	 0.942500	 0.060000	 2012.827158	 0.072500	 2003.019909	 0.927500	 0.072500	 
174.000000	 2121.054033	 0.067500	 2157.638234	 0.942500	 0.062500	 2014.253461	 0.072500	 2004.814158	 0.927500	 0.072500	 
175.000000	 2153.038010	 0.072500	 2162.525946	 0.947500	 0.062500	 2016.079574	 0.072500	 2006.495558	 0.927500	 0.072500	 
176.000000	 2170.947545	 0.077500	 2178.648055	 0.947500	 0.065000	 2018.089612	 0.072500	 2008.224919	 0.927500	 0.072500	 
177.000000	 2157.627072	 0.067500	 2195.537277	 0.947500	 0.060000	 2019.868228	 0.072500	 2010.113751	 0.927500	 0.072500	 
178.000000	 2172.071688	 0.072500	 2212.019440	 0.942500	 0.065000	 2021.794854	 0.072500	 2012.277226	 0.927500	 0.072500	 
179.000000	 2212.513157	 0.067500	 2212.464921	 0.942500	 0.062500	 2024.178798	 0.072500	 2014.448655	 0.927500	 0.072500	 
180.000000	 2224.070304	 0.077500	 2191.822315	 0.942500	 0.067500	 2026.644244	 0.072500	 2016.458755	 0.927500	 0.072500	 
181.000000	 2214.736422	 0.077500	 2168.264351	 0.937500	 0.070000	 2028.906570	 0.072500	 2018.241189	 0.927500	 0.072500	 
182.000000	 2193.986043	 0.067500	 2155.851042	 0.922500	 0.072500	 2030.892940	 0.072500	 2019.893924	 0.927500	 0.072500	 
183.000000	 2168.922241	 0.062500	 2174.903451	 0.922500	 0.070000	 2032.464941	 0.072500	 2021.731755	 0.927500	 0.072500	 
184.000000	 2115.881484	 0.077500	 2164.249507	 0.932500	 0.072500	 2033.441975	 0.072500	 2023.372551	 0.927500	 0.072500	 
185.000000	 2083.912447	 0.087500	 2149.573079	 0.932500	 0.077500	 2033.986246	 0.072500	 2024.828709	 0.927500	 0.072500	 
186.000000	 2070.845775	 0.062500	 2157.279797	 0.917500	 0.072500	 2034.350367	 0.072500	 2026.315666	 0.927500	 0.072500	 
187.000000	 2080.100305	 0.057500	 2170.451994	 0.922500	 0.067500	 2034.698826	 0.072500	 2027.925141	 0.927500	 0.072500	 
188.000000	 2090.003625	 0.057500	 2161.196627	 0.927500	 0.065000	 2035.125303	 0.072500	 2029.422573	 0.927500	 0.072500	 
189.000000	 2118.723211	 0.057500	 2156.661892	 0.932500	 0.062500	 2035.905507	 0.072500	 2030.803472	 0.927500	 0.072500	 
190.000000	 2149.978213	 0.057500	 2158.038510	 0.927500	 0.065000	 2037.033250	 0.072500	 2032.201659	 0.927500	 0.072500	 
191.000000	 2199.443704	 0.062500	 2195.840201	 0.917500	 0.072500	 2038.728551	 0.067500	 2033.937320	 0.927500	 0.070000	 
192.000000	 2238.668704	 0.057500	 2195.262582	 0.922500	 0.067500	 2040.785685	 0.067500	 2035.651168	 0.927500	 0.070000	 
193.000000	 2222.771358	 0.057500	 2170.531335	 0.922500	 0.067500	 2042.617850	 0.067500	 2037.079827	 0.927500	 0.070000	 
194.000000	 2193.266576	 0.067500	 2157.790343	 0.927500	 0.070000	 2044.203626	 0.067500	 2038.350465	 0.927500	 0.070000	 
195.000000	 2196.475515	 0.072500	 2151.221816	 0.917500	 0.077500	 2045.765188	 0.067500	 2039.490743	 0.927500	 0.070000	 
196.000000	 2193.724078	 0.072500	 2158.242505	 0.917500	 0.077500	 2047.249755	 0.067500	 2040.674467	 0.927500	 0.070000	 
197.000000	 2168.383270	 0.077500	 2164.456171	 0.922500	 0.077500	 2048.458173	 0.067500	 2041.928681	 0.927500	 0.070000	 
198.000000	 2163.678611	 0.077500	 2170.133050	 0.922500	 0.077500	 2049.588763	 0.067500	 2043.208210	 0.927500	 0.070000	 
199.000000	 2198.998762	 0.082500	 2183.510275	 0.922500	 0.080000	 2051.008314	 0.067500	 2044.601487	 0.927500	 0.070000	 
200.000000	 2233.220184	 0.077500	 2190.839715	 0.927500	 0.075000	 2052.727616	 0.067500	 2046.049391	 0.927500	 0.070000	 
