# Averaged between times 100.000000 and 200.000000 with spacing 1.000000
# z		 var(ux)		 var(uz)		 var(mag(u))
0.002500	368.924752	6.188392	368.976784
0.007500	907.920053	26.022465	908.293759
0.012500	1281.448015	57.574387	1282.743512
0.017500	1531.956561	95.511580	1534.937169
0.022500	1698.930138	136.654469	1704.428153
0.027500	1811.714481	179.191607	1820.571660
0.032500	1889.553158	222.095935	1902.585142
0.037500	1944.323270	264.776635	1962.301508
0.042500	1983.242108	306.889494	2006.887635
0.047500	2010.771835	348.235050	2040.755801
0.052500	2029.785936	388.702213	2066.733124
0.057500	2042.237726	428.235442	2086.730782
0.062500	2049.531694	466.814601	2102.114962
0.067500	2052.727616	504.442071	2113.910225
0.072500	2052.653365	541.134283	2122.911624
0.077500	2049.968333	576.916108	2129.747650
0.082500	2045.200089	611.817149	2134.916712
0.087500	2038.767046	645.869311	2138.809887
0.092500	2030.994563	679.105264	2141.727296
0.097500	2022.128680	711.557486	2143.892188
0.102500	2012.349725	743.257690	2145.464829
0.107500	2001.786746	774.236470	2146.557005
0.112500	1990.532463	804.523103	2147.246748
0.117500	1978.656760	834.145482	2147.591352
0.122500	1966.215681	863.130188	2147.635948
0.127500	1953.254109	891.502641	2147.416093
0.132500	1939.803715	919.287276	2146.956077
0.137500	1925.880283	946.507683	2146.266771
0.142500	1911.483960	973.186687	2145.346230
0.147500	1896.603517	999.346392	2144.183855
0.152500	1881.223221	1025.008219	2142.766719
0.157500	1865.329652	1050.192961	2141.085633
0.162500	1848.916141	1074.920879	2139.138914
0.167500	1831.984084	1099.211770	2136.933275
0.172500	1814.541797	1123.085004	2134.482529
0.177500	1796.602054	1146.559444	2131.805133
0.182500	1778.179258	1169.653280	2128.921477
0.187500	1759.287140	1192.383799	2125.851699
0.192500	1739.937546	1214.767132	2122.614507
0.197500	1720.140412	1236.818050	2119.227028
0.202500	1699.904723	1258.549805	2115.705472
0.207500	1679.240125	1279.974027	2112.066295
0.212500	1658.158691	1301.100678	2108.327458
0.217500	1636.676108	1321.938046	2104.509167
0.222500	1614.811609	1342.492764	2100.633594
0.227500	1592.586749	1362.769843	2096.723702
0.232500	1570.024022	1382.772707	2092.801969
0.237500	1547.146415	1402.503262	2088.889909
0.242500	1523.978152	1421.961997	2085.008519
0.247500	1500.545563	1441.148143	2081.178846
0.252500	1476.876844	1460.059860	2077.421750
0.257500	1453.000543	1478.694415	2073.756776
0.262500	1428.943592	1497.048351	2070.200783
0.267500	1404.729895	1515.117606	2066.767048
0.272500	1380.380012	1532.897626	2063.465206
0.277500	1355.911864	1550.383467	2060.301906
0.282500	1331.341975	1567.569895	2057.281808
0.287500	1306.686606	1584.451482	2054.408404
0.292500	1281.962252	1601.022692	2051.684356
0.297500	1257.185445	1617.277933	2049.111338
0.302500	1232.372257	1633.211589	2046.689708
0.307500	1207.537962	1648.818030	2044.418341
0.312500	1182.697055	1664.091626	2042.294717
0.317500	1157.863490	1679.026755	2040.315187
0.322500	1133.050943	1693.617826	2038.475236
0.327500	1108.273026	1707.859309	2036.769717
0.332500	1083.543574	1721.745770	2035.193090
0.337500	1058.877078	1735.271907	2033.739703
0.342500	1034.289210	1748.432577	2032.404090
0.347500	1009.797281	1761.222834	2031.181187
0.352500	985.420391	1773.637952	2030.066368
0.357500	961.179023	1785.673444	2029.055145
0.362500	937.094359	1797.325053	2028.142716
0.367500	913.187918	1808.588722	2027.323657
0.372500	889.482111	1819.460562	2026.592069
0.377500	866.001941	1829.936813	2025.942269
0.382500	842.777524	1840.013842	2025.369813
0.387500	819.846418	1849.688175	2024.872344
0.392500	797.254387	1858.956542	2024.449676
0.397500	775.053756	1867.815936	2024.102829
0.402500	753.300117	1876.263646	2023.832454
0.407500	732.049173	1884.297279	2023.637435
0.412500	711.355368	1891.914752	2023.514330
0.417500	691.272519	1899.114274	2023.457657
0.422500	671.855585	1905.894308	2023.460648
0.427500	653.162605	1912.253523	2023.516031
0.432500	635.256198	1918.190750	2023.616626
0.437500	618.204551	1923.704924	2023.755687
0.442500	602.081871	1928.795047	2023.927058
0.447500	586.968192	1933.460151	2024.125143
0.452500	572.948369	1937.699286	2024.344711
0.457500	560.110393	1941.511505	2024.580665
0.462500	548.543262	1944.895862	2024.827962
0.467500	538.334638	1947.851405	2025.081809
0.472500	529.568359	1950.377174	2025.338072
0.477500	522.321889	1952.472214	2025.593761
0.482500	516.663733	1954.135591	2025.847381
0.487500	512.650875	1955.366419	2026.099011
0.492500	510.326215	1956.163888	2026.349997
0.497500	509.716238	1956.527300	2026.602314
0.502500	510.829377	1956.456084	2026.857779
0.507500	513.655523	1955.949811	2027.117423
0.512500	518.166942	1955.008187	2027.381257
0.517500	524.320479	1953.631039	2027.648528
0.522500	532.060509	1951.818297	2027.918353
0.527500	541.321898	1949.569991	2028.190483
0.532500	552.032387	1946.886260	2028.465902
0.537500	564.114078	1943.767379	2028.747021
0.542500	577.483861	1940.213790	2029.037310
0.547500	592.053167	1936.226144	2029.340387
0.552500	607.728056	1931.805332	2029.658962
0.557500	624.410808	1926.952514	2029.994205
0.562500	642.003378	1921.669124	2030.345971
0.567500	660.411758	1915.956869	2030.713796
0.572500	679.549213	1909.817685	2031.097908
0.577500	699.336675	1903.253679	2031.499370
0.582500	719.700550	1896.267055	2031.919147
0.587500	740.570016	1888.860043	2032.356813
0.592500	761.875861	1881.034869	2032.809878
0.597500	783.551635	1872.793772	2033.274188
0.602500	805.536800	1864.139054	2033.745378
0.607500	827.780258	1855.073146	2034.220727
0.612500	850.242392	1845.598664	2034.700611
0.617500	872.894644	1835.718435	2035.188981
0.622500	895.717014	1825.435501	2035.692825
0.627500	918.694534	1814.753102	2036.220922
0.632500	941.814219	1803.674654	2036.782596
0.637500	965.062989	1792.203736	2037.386825
0.642500	988.427383	1780.344092	2038.042152
0.647500	1011.894266	1768.099622	2038.757034
0.652500	1035.450640	1755.474373	2039.539635
0.657500	1059.082523	1742.472541	2040.397100
0.662500	1082.773507	1729.098497	2041.334641
0.667500	1106.503607	1715.356847	2042.354786
0.672500	1130.248886	1701.252478	2043.457046
0.677500	1153.982192	1686.790605	2044.638201
0.682500	1177.675103	1671.976773	2045.893326
0.687500	1201.300574	1656.816841	2047.217318
0.692500	1224.835293	1641.316946	2048.606373
0.697500	1248.260855	1625.483458	2050.058861
0.702500	1271.563938	1609.322936	2051.575627
0.707500	1294.736091	1592.842101	2053.160062
0.712500	1317.773221	1576.047805	2054.817950
0.717500	1340.674618	1558.946999	2056.556969
0.722500	1363.441800	1541.546665	2058.385986
0.727500	1386.077944	1523.853721	2060.314694
0.732500	1408.588157	1505.874890	2062.353803
0.737500	1430.979888	1487.616535	2064.515377
0.742500	1453.262469	1469.084492	2066.812595
0.747500	1475.445445	1450.283904	2069.258600
0.752500	1497.536045	1431.219081	2071.864613
0.757500	1519.536548	1411.893380	2074.637796
0.762500	1541.442431	1392.309119	2077.579534
0.767500	1563.242031	1372.467499	2080.684795
0.772500	1584.917573	1352.368531	2083.942544
0.777500	1606.446620	1332.010967	2087.336622
0.782500	1627.803120	1311.392234	2090.846445
0.787500	1648.957759	1290.508380	2094.447262
0.792500	1669.877973	1269.354021	2098.110189
0.797500	1690.528476	1247.922278	2101.802667
0.802500	1710.872986	1226.204727	2105.489937
0.807500	1730.877061	1204.191339	2109.137523
0.812500	1750.511030	1181.870444	2112.713923
0.817500	1769.751834	1159.228690	2116.192484
0.822500	1788.582872	1136.251027	2119.551639
0.827500	1806.991714	1112.920722	2122.773275
0.832500	1824.966626	1089.219471	2125.839986
0.837500	1842.493742	1065.127585	2128.732763
0.842500	1859.556404	1040.624232	2131.430489
0.847500	1876.136617	1015.687649	2133.911278
0.852500	1892.217078	990.295251	2136.154377
0.857500	1907.781867	964.423648	2138.140951
0.862500	1922.815189	938.048602	2139.853153
0.867500	1937.299373	911.144982	2141.272470
0.872500	1951.213349	883.686744	2142.378450
0.877500	1964.531144	855.646976	2143.147389
0.882500	1977.218827	826.998000	2143.549534
0.887500	1989.229093	797.711546	2143.544011
0.892500	2000.494428	767.758947	2143.072282
0.897500	2010.920661	737.111323	2142.051797
0.902500	2020.382018	705.739690	2140.370917
0.907500	2028.717140	673.614974	2137.884677
0.912500	2035.724762	640.707943	2134.410160
0.917500	2041.158305	606.989139	2129.720840
0.922500	2044.719445	572.428934	2123.539951
0.927500	2046.049391	536.997896	2115.531719
0.932500	2044.713068	500.667715	2105.285780
0.937500	2040.167645	463.413091	2092.286370
0.942500	2031.706744	425.215185	2075.857518
0.947500	2018.373472	386.067374	2055.077069
0.952500	1998.830742	345.984221	2028.647655
0.957500	1971.154383	305.015042	1994.690001
0.962500	1932.468620	263.264644	1950.378106
0.967500	1878.281579	220.926486	1891.273490
0.972500	1801.316978	178.338964	1810.153471
0.977500	1689.623109	136.086358	1695.112965
0.982500	1523.932149	95.186387	1526.911721
0.987500	1275.032308	57.435764	1276.329418
0.992500	903.713004	25.995510	904.087981
0.997500	367.556491	6.192786	367.608820
