Purely diffusive heat flux (at reference density): 2.27508772702
Time =  60

Heat flux: [[ 13.28505732  10.75779328   8.23144793   6.11874871   4.25450847
    3.15597082   2.21581611   1.68932916   1.28641453   0.92532566
    0.88684253   0.74969587   0.58501417   0.42299501   0.32738262
    0.39083759   0.35823315   0.30853188   0.27068109   0.14841311
    0.12484596   0.11801714   0.16896173   0.19364547   0.10923576
    0.14957781   0.10214057   0.06162013   0.13024476   0.12864285
    0.05396365   0.12920431   0.21468026   0.09517668   0.10040093
    0.16273886   0.16086498   0.17707807   0.16546537   0.19094981
    0.29067792   0.29847833   0.51615394   1.39566546   2.68859969
    4.52250312   7.28566762  10.25640755  12.68359847  14.64619873]]
Horizontally averaged heat flux profile:  [ 13.28505732  10.75779328   8.23144793   6.11874871   4.25450847
   3.15597082   2.21581611   1.68932916   1.28641453   0.92532566
   0.88684253   0.74969587   0.58501417   0.42299501   0.32738262
   0.39083759   0.35823315   0.30853188   0.27068109   0.14841311
   0.12484596   0.11801714   0.16896173   0.19364547   0.10923576
   0.14957781   0.10214057   0.06162013   0.13024476   0.12864285
   0.05396365   0.12920431   0.21468026   0.09517668   0.10040093
   0.16273886   0.16086498   0.17707807   0.16546537   0.19094981
   0.29067792   0.29847833   0.51615394   1.39566546   2.68859969
   4.52250312   7.28566762  10.25640755  12.68359847  14.64619873]
Ratio of heat flux : diffusive heat flux [ 5.83936046  4.72851801  3.61807935  2.68945616  1.8700415   1.38718643
  0.97394755  0.74253364  0.56543513  0.40672087  0.38980586  0.32952394
  0.25713917  0.1859247   0.1438989   0.17179012  0.15745905  0.13561318
  0.11897611  0.06523402  0.05487523  0.05187367  0.07426603  0.08511561
  0.04801387  0.06574595  0.04489522  0.02708473  0.05724823  0.05654413
  0.02371937  0.05679091  0.09436131  0.04183429  0.04413057  0.0715308
  0.07070715  0.07783351  0.07272923  0.08393075  0.12776559  0.13119421
  0.2268721   0.61345567  1.18175649  1.98783681  3.20236778  4.50813717
  5.57499314  6.43764131]
Max. ratio:  6.43764130682 Min. ratio:  0.0237193714926

Time =  62

Heat flux: [[ 13.27633816  10.75285662   8.22892063   6.11765418   4.25413452
    3.15590814   2.2158345    1.68954937   1.28668821   0.92583727
    0.88742691   0.75034911   0.58586835   0.42403937   0.32863933
    0.39208243   0.35950895   0.30989811   0.27211966   0.15001341
    0.12656645   0.12002839   0.17093842   0.19517554   0.11077043
    0.15107945   0.10368858   0.06329431   0.13182284   0.13016071
    0.05550493   0.13051526   0.21596945   0.09661542   0.1018698
    0.16424003   0.16252226   0.17903378   0.16810967   0.19470341
    0.29648845   0.30804807   0.53129497   1.41342106   2.71066589
    4.54686063   7.29736677  10.24262581  12.64098157  14.56872423]]
Horizontally averaged heat flux profile:  [ 13.27633816  10.75285662   8.22892063   6.11765418   4.25413452
   3.15590814   2.2158345    1.68954937   1.28668821   0.92583727
   0.88742691   0.75034911   0.58586835   0.42403937   0.32863933
   0.39208243   0.35950895   0.30989811   0.27211966   0.15001341
   0.12656645   0.12002839   0.17093842   0.19517554   0.11077043
   0.15107945   0.10368858   0.06329431   0.13182284   0.13016071
   0.05550493   0.13051526   0.21596945   0.09661542   0.1018698
   0.16424003   0.16252226   0.17903378   0.16810967   0.19470341
   0.29648845   0.30804807   0.53129497   1.41342106   2.71066589
   4.54686063   7.29736677  10.24262581  12.64098157  14.56872423]
Ratio of heat flux : diffusive heat flux [ 5.83552801  4.72634813  3.6169685   2.68897507  1.86987713  1.38715888
  0.97395563  0.74263043  0.56555543  0.40694575  0.39006272  0.32981106
  0.25751462  0.18638374  0.14445128  0.17233728  0.15801982  0.1362137
  0.11960843  0.06593742  0.05563146  0.0527577   0.07513487  0.08578814
  0.04868842  0.06640599  0.04557564  0.0278206   0.05794187  0.05721129
  0.02439683  0.05736713  0.09492797  0.04246668  0.04477621  0.07219064
  0.0714356   0.07869313  0.07389151  0.08558062  0.13031957  0.13540053
  0.23352725  0.62126003  1.19145555  1.99854299  3.20751006  4.5020795
  5.55626116  6.4035879 ]
Max. ratio:  6.4035878963 Min. ratio:  0.024396829097

Time =  64

Heat flux: [[ 13.2660232   10.74679241   8.22552821   6.11608724   4.2535877
    3.15591532   2.21598912   1.68999433   1.28715549   0.92652738
    0.88820155   0.75115025   0.58680723   0.42512321   0.3299468
    0.39338713   0.36081924   0.31128297   0.27354786   0.15154199
    0.12820258   0.12190239   0.17279951   0.19664057   0.1122483
    0.1525321    0.10516322   0.0649128    0.13337568   0.13166221
    0.05700937   0.13183203   0.21726671   0.09802061   0.10328677
    0.16566744   0.1640544    0.18078206   0.17038817   0.19783994
    0.30123755   0.31576618   0.54340595   1.42752107   2.72797638
    4.56575707   7.30610341  10.23118683  12.60688816  14.50729397]]
Horizontally averaged heat flux profile:  [ 13.2660232   10.74679241   8.22552821   6.11608724   4.2535877
   3.15591532   2.21598912   1.68999433   1.28715549   0.92652738
   0.88820155   0.75115025   0.58680723   0.42512321   0.3299468
   0.39338713   0.36081924   0.31128297   0.27354786   0.15154199
   0.12820258   0.12190239   0.17279951   0.19664057   0.1122483
   0.1525321    0.10516322   0.0649128    0.13337568   0.13166221
   0.05700937   0.13183203   0.21726671   0.09802061   0.10328677
   0.16566744   0.1640544    0.18078206   0.17038817   0.19783994
   0.30123755   0.31576618   0.54340595   1.42752107   2.72797638
   4.56575707   7.30610341  10.23118683  12.60688816  14.50729397]
Ratio of heat flux : diffusive heat flux [ 5.83099414  4.72368265  3.61547738  2.68828633  1.86963678  1.38716203
  0.97402359  0.74282601  0.56576081  0.40724908  0.39040321  0.3301632
  0.2579273   0.18686014  0.14502597  0.17291075  0.15859575  0.1368224
  0.12023618  0.0666093   0.05635061  0.0535814   0.0759529   0.08643208
  0.04933801  0.06704449  0.04622381  0.028532    0.05862441  0.05787127
  0.0250581   0.05794591  0.09549817  0.04308432  0.04539903  0.07281804
  0.07210904  0.07946158  0.07489301  0.08695926  0.13240701  0.13879297
  0.23885055  0.62745759  1.19906426  2.0068488   3.21135019  4.49705157
  5.54127562  6.37658662]
Max. ratio:  6.37658662384 Min. ratio:  0.0250580985565

Time =  66

Heat flux: [[ 13.25562187  10.74053931   8.22185681   6.11431676   4.25293041
    3.1559154    2.21616341   1.69049105   1.28764992   0.92721438
    0.88897039   0.75190884   0.5876538    0.42607151   0.33109529
    0.39452996   0.36194681   0.31247172   0.2747615    0.15281578
    0.12958224   0.12347753   0.17439637   0.19791234   0.11354815
    0.15382812   0.10647456   0.06638666   0.13482214   0.13307887
    0.05842039   0.13311478   0.21854531   0.09939048   0.10467674
    0.16707061   0.16554031   0.18243914   0.17246636   0.20060001
    0.30528336   0.32218704   0.55334024   1.43898014   2.7418744
    4.5807821    7.31284624  10.22167786  12.57925199  14.4578022 ]]
Horizontally averaged heat flux profile:  [ 13.25562187  10.74053931   8.22185681   6.11431676   4.25293041
   3.1559154    2.21616341   1.69049105   1.28764992   0.92721438
   0.88897039   0.75190884   0.5876538    0.42607151   0.33109529
   0.39452996   0.36194681   0.31247172   0.2747615    0.15281578
   0.12958224   0.12347753   0.17439637   0.19791234   0.11354815
   0.15382812   0.10647456   0.06638666   0.13482214   0.13307887
   0.05842039   0.13311478   0.21854531   0.09939048   0.10467674
   0.16707061   0.16554031   0.18243914   0.17246636   0.20060001
   0.30528336   0.32218704   0.55334024   1.43898014   2.7418744
   4.5807821    7.31284624  10.22167786  12.57925199  14.4578022 ]
Ratio of heat flux : diffusive heat flux [ 5.8264223   4.72093413  3.61386364  2.68750813  1.86934787  1.38716207
  0.9741002   0.74304434  0.56597814  0.40755104  0.39074115  0.33049664
  0.2582994   0.18727696  0.14553078  0.17341308  0.15909136  0.13734491
  0.12076963  0.06716918  0.05695703  0.05427374  0.07665479  0.08699108
  0.04990935  0.06761415  0.0468002   0.02917983  0.05926019  0.05849395
  0.0256783   0.05850973  0.09606017  0.04368644  0.04600998  0.0734348
  0.07276216  0.08018994  0.07580647  0.08817243  0.13418531  0.14161522
  0.2432171   0.63249435  1.20517304  2.01345295  3.21431396  4.49287196
  5.52912832  6.35483284]
Max. ratio:  6.35483283753 Min. ratio:  0.0256783015776

Time =  68

Heat flux: [[ 13.24607447  10.73470108   8.21830475   6.11253925   4.25222326
    3.15587146   2.21629172   1.69093221   1.28806761   0.92778554
    0.88961018   0.7525109    0.5883073    0.42680172   0.33198491
    0.39539675   0.36279201   0.31337107   0.27567423   0.15376013
    0.13062525   0.12466988   0.17564654   0.19891383   0.1145855
    0.15488589   0.10754689   0.06762811   0.13607108   0.13432261
    0.05965664   0.13428821   0.21973258   0.10066461   0.1059937
    0.16841827   0.16696874   0.18402119   0.17439761   0.20309592
    0.30882825   0.32765622   0.56165946   1.44848536   2.75326756
    4.5930081    7.31827425  10.21388635  12.55678987  14.41765742]]
Horizontally averaged heat flux profile:  [ 13.24607447  10.73470108   8.21830475   6.11253925   4.25222326
   3.15587146   2.21629172   1.69093221   1.28806761   0.92778554
   0.88961018   0.7525109    0.5883073    0.42680172   0.33198491
   0.39539675   0.36279201   0.31337107   0.27567423   0.15376013
   0.13062525   0.12466988   0.17564654   0.19891383   0.1145855
   0.15488589   0.10754689   0.06762811   0.13607108   0.13432261
   0.05965664   0.13428821   0.21973258   0.10066461   0.1059937
   0.16841827   0.16696874   0.18402119   0.17439761   0.20309592
   0.30882825   0.32765622   0.56165946   1.44848536   2.75326756
   4.5930081    7.31827425  10.21388635  12.55678987  14.41765742]
Ratio of heat flux : diffusive heat flux [ 5.8222258   4.71836798  3.61230236  2.68672684  1.86903705  1.38714275
  0.9741566   0.74323824  0.56616173  0.40780209  0.39102236  0.33076127
  0.25858664  0.18759792  0.14592181  0.17379407  0.15946287  0.13774021
  0.12117081  0.06758426  0.05741548  0.05479783  0.07720429  0.08743128
  0.05036531  0.06807909  0.04727153  0.0297255   0.05980916  0.05904063
  0.02622169  0.05902551  0.09658203  0.04424647  0.04658884  0.07402715
  0.07339002  0.08088531  0.07665533  0.08926949  0.13574345  0.14401916
  0.24687376  0.63667231  1.21018083  2.01882681  3.21669981  4.48944725
  5.51925524  6.33718746]
Max. ratio:  6.33718746138 Min. ratio:  0.0262216889868

Time =  70

Heat flux: [[ 13.23786416  10.72960416   8.21510512   6.11087686   4.25150906
    3.15576421   2.21633795   1.69125715   1.28835589   0.92819165
    0.89007556   0.75293776   0.58880759   0.42727845   0.33254066
    0.39598763   0.36334675   0.31397142   0.27627827   0.15437395
    0.13132167   0.12546609   0.17652962   0.19962015   0.11532635
    0.15566692   0.10834003   0.06857962   0.13705369   0.13531958
    0.060652     0.13528817   0.22075381   0.10176321   0.10716066
    0.16963784   0.16827562   0.18547746   0.17615185   0.20533336
    0.31193549   0.33232931   0.56866059   1.45643145   2.76270303
    4.60309963   7.32283692  10.20773455  12.53877528  14.38534582]]
Horizontally averaged heat flux profile:  [ 13.23786416  10.72960416   8.21510512   6.11087686   4.25150906
   3.15576421   2.21633795   1.69125715   1.28835589   0.92819165
   0.89007556   0.75293776   0.58880759   0.42727845   0.33254066
   0.39598763   0.36334675   0.31397142   0.27627827   0.15437395
   0.13132167   0.12546609   0.17652962   0.19962015   0.11532635
   0.15566692   0.10834003   0.06857962   0.13705369   0.13531958
   0.060652     0.13528817   0.22075381   0.10176321   0.10716066
   0.16963784   0.16827562   0.18547746   0.17615185   0.20533336
   0.31193549   0.33232931   0.56866059   1.45643145   2.76270303
   4.60309963   7.32283692  10.20773455  12.53877528  14.38534582]
Ratio of heat flux : diffusive heat flux [ 5.81861702  4.71612766  3.61089597  2.68599614  1.86872313  1.38709562
  0.97417692  0.74338107  0.56628844  0.4079806   0.39122692  0.33094889
  0.25880654  0.18780746  0.14616608  0.17405379  0.1597067   0.13800409
  0.12143631  0.06785406  0.05772158  0.0551478   0.07759245  0.08774174
  0.05069095  0.06842238  0.04762016  0.03014373  0.06024106  0.05947884
  0.02665919  0.05946504  0.0970309   0.04472935  0.04710177  0.07456321
  0.07396445  0.08152541  0.0774264   0.09025294  0.13710921  0.14607318
  0.24995106  0.64016496  1.21432813  2.02326248  3.2187053   4.48674327
  5.51133705  6.32298511]
Max. ratio:  6.32298510867 Min. ratio:  0.0266591921124

Time =  72

Heat flux: [[ 13.23112897  10.72536115   8.21235882   6.10939202   4.25081883   3.1556
    2.21630558   1.69146822   1.28852616   0.92845318   0.89038024
    0.75319273   0.58911189   0.42749544   0.33282751   0.39635322
    0.36366148   0.31431858   0.27661765   0.15470467   0.13171158
    0.12590653   0.17707343   0.20004619   0.11577639   0.15616617
    0.10884251   0.06921476   0.13773573   0.13604106   0.06140376
    0.13611947   0.22158792   0.10263157   0.10810176   0.17064226
    0.16937173   0.1867215    0.17765213   0.20725271   0.31457655
    0.33623098   0.57445004   1.46299367   2.77045647   4.61141026
    7.32678548  10.20319013  12.52481367  14.36003627]]
Horizontally averaged heat flux profile:  [ 13.23112897  10.72536115   8.21235882   6.10939202   4.25081883   3.1556
   2.21630558   1.69146822   1.28852616   0.92845318   0.89038024
   0.75319273   0.58911189   0.42749544   0.33282751   0.39635322
   0.36366148   0.31431858   0.27661765   0.15470467   0.13171158
   0.12590653   0.17707343   0.20004619   0.11577639   0.15616617
   0.10884251   0.06921476   0.13773573   0.13604106   0.06140376
   0.13611947   0.22158792   0.10263157   0.10810176   0.17064226
   0.16937173   0.1867215    0.17765213   0.20725271   0.31457655
   0.33623098   0.57445004   1.46299367   2.77045647   4.61141026
   7.32678548  10.20319013  12.52481367  14.36003627]
Ratio of heat flux : diffusive heat flux [ 5.81565661  4.71426267  3.60968886  2.68534349  1.86841975  1.38702344
  0.97416269  0.74347384  0.56636329  0.40809555  0.39136084  0.33106096
  0.2589403   0.18790284  0.14629217  0.17421448  0.15984504  0.13815668
  0.12158549  0.06799943  0.05789297  0.05534139  0.07783147  0.087929
  0.05088876  0.06864182  0.04784102  0.0304229   0.06054085  0.05979596
  0.02698962  0.05983043  0.09739753  0.04511104  0.04751543  0.07500469
  0.07444624  0.08207222  0.07808584  0.09109658  0.13827007  0.14778814
  0.25249578  0.64304934  1.21773611  2.02691536  3.22044086  4.4847458
  5.50520032  6.31186046]
Max. ratio:  6.31186046154 Min. ratio:  0.0269896213904

Time =  74

Heat flux: [[ 13.22578816  10.72194925   8.21008483   6.10811477   4.25018147
    3.15539761   2.21620989   1.69157225   1.288588     0.92858179
    0.8905405    0.75330226   0.58925318   0.42755803   0.33295262
    0.39653531   0.36378414   0.31446766   0.27675165   0.15481717
    0.13185824   0.12606051   0.1773355    0.20023875   0.11598495
    0.15643083   0.10910572   0.06958321   0.13815776   0.13651071
    0.06189772   0.13671717   0.22218813   0.10325652   0.10880145
    0.17140421   0.17021528   0.18769672   0.17883345   0.20878447
    0.31668916   0.33932384   0.57903089   1.4682167    2.77663401
    4.61808962   7.33021526  10.20019082  12.51463857  14.34121736]]
Horizontally averaged heat flux profile:  [ 13.22578816  10.72194925   8.21008483   6.10811477   4.25018147
   3.15539761   2.21620989   1.69157225   1.288588     0.92858179
   0.8905405    0.75330226   0.58925318   0.42755803   0.33295262
   0.39653531   0.36378414   0.31446766   0.27675165   0.15481717
   0.13185824   0.12606051   0.1773355    0.20023875   0.11598495
   0.15643083   0.10910572   0.06958321   0.13815776   0.13651071
   0.06189772   0.13671717   0.22218813   0.10325652   0.10880145
   0.17140421   0.17021528   0.18769672   0.17883345   0.20878447
   0.31668916   0.33932384   0.57903089   1.4682167    2.77663401
   4.61808962   7.33021526  10.20019082  12.51463857  14.34121736]
Ratio of heat flux : diffusive heat flux [ 5.81330909  4.712763    3.60868934  2.68478209  1.8681396   1.38693448
  0.97412063  0.74351957  0.56639047  0.40815208  0.39143128  0.33110911
  0.2590024   0.18793035  0.14634716  0.17429451  0.15989895  0.13822221
  0.12164439  0.06804888  0.05795743  0.05540908  0.07794667  0.08801364
  0.05098043  0.06875815  0.04795671  0.03058485  0.06072635  0.06000239
  0.02720674  0.06009314  0.09766135  0.04538573  0.04782297  0.0753396
  0.07481702  0.08250087  0.07860508  0.09176985  0.13919866  0.14914758
  0.25450926  0.64534509  1.2204514   2.02985123  3.2219484   4.48342747
  5.50072792  6.30358873]
Max. ratio:  6.30358873142 Min. ratio:  0.0272067378408

Time =  76

Heat flux: [[ 13.22164702  10.71926696   8.20824429   6.1070391    4.24960666
    3.15517205   2.21606968   1.6915947    1.28857232   0.92861796
    0.89060033   0.75331669   0.58929411   0.42754692   0.33296832
    0.39657348   0.3637821    0.31448461   0.27675039   0.1547894
    0.13184394   0.12602476   0.17740843   0.20027733   0.11603038
    0.1565317    0.1091933    0.06973789   0.13835754   0.1367513
    0.06214879   0.13707618   0.22254572   0.10362983   0.10924671
    0.17190771   0.17078821   0.18838069   0.17967159   0.20989934
    0.31824418   0.34159132   0.58240516   1.47211712   2.78128206
    4.62319714   7.33312391  10.19860191  12.50795953  14.32841108]]
Horizontally averaged heat flux profile:  [ 13.22164702  10.71926696   8.20824429   6.1070391    4.24960666
   3.15517205   2.21606968   1.6915947    1.28857232   0.92861796
   0.89060033   0.75331669   0.58929411   0.42754692   0.33296832
   0.39657348   0.3637821    0.31448461   0.27675039   0.1547894
   0.13184394   0.12602476   0.17740843   0.20027733   0.11603038
   0.1565317    0.1091933    0.06973789   0.13835754   0.1367513
   0.06214879   0.13707618   0.22254572   0.10362983   0.10924671
   0.17190771   0.17078821   0.18838069   0.17967159   0.20989934
   0.31824418   0.34159132   0.58240516   1.47211712   2.78128206
   4.62319714   7.33312391  10.19860191  12.50795953  14.32841108]
Ratio of heat flux : diffusive heat flux [ 5.81148888  4.71158401  3.60788034  2.68430928  1.86788694  1.38683534
  0.974059    0.74352944  0.56638357  0.40816798  0.39145758  0.33111545
  0.25902039  0.18792547  0.14635406  0.17431129  0.15989805  0.13822966
  0.12164383  0.06803667  0.05795115  0.05539336  0.07797872  0.0880306
  0.0510004   0.06880249  0.04799521  0.03065284  0.06081416  0.06010814
  0.02731709  0.06025094  0.09781852  0.04554982  0.04801868  0.07556091
  0.07506884  0.08280151  0.07897348  0.09225989  0.13988216  0.15014424
  0.2559924   0.6470595   1.22249443  2.03209621  3.22322688  4.48272908
  5.49779218  6.29795982]
Max. ratio:  6.29795981541 Min. ratio:  0.0273170941003

Time =  78

Heat flux: [[ 13.21846215  10.7171779    8.20677135   6.1061457    4.24910105
    3.15494345   2.21591109   1.69156927   1.28851747   0.92860643
    0.89060759   0.75328489   0.58928001   0.42749079   0.33290555
    0.39652942   0.36373107   0.31444333   0.27668827   0.15469847
    0.13174801   0.12588899   0.17737479   0.20022884   0.11597717
    0.15652653   0.10916133   0.06973556   0.13838666   0.13680935
    0.06220308   0.13722927   0.22269048   0.10377854   0.109456
    0.17216415   0.17109658   0.18877389   0.18016692   0.2105957
    0.31924482   0.34305561   0.58461823   1.47474542   2.7844682
    4.62679647   7.33547832  10.19821959  12.50439035  14.32101122]]
Horizontally averaged heat flux profile:  [ 13.21846215  10.7171779    8.20677135   6.1061457    4.24910105
   3.15494345   2.21591109   1.69156927   1.28851747   0.92860643
   0.89060759   0.75328489   0.58928001   0.42749079   0.33290555
   0.39652942   0.36373107   0.31444333   0.27668827   0.15469847
   0.13174801   0.12588899   0.17737479   0.20022884   0.11597717
   0.15652653   0.10916133   0.06973556   0.13838666   0.13680935
   0.06220308   0.13722927   0.22269048   0.10377854   0.109456
   0.17216415   0.17109658   0.18877389   0.18016692   0.2105957
   0.31924482   0.34305561   0.58461823   1.47474542   2.7844682
   4.62679647   7.33547832  10.19821959  12.50439035  14.32101122]
Ratio of heat flux : diffusive heat flux [ 5.81008899  4.71066578  3.60723292  2.68391659  1.8676647   1.38673485
  0.97398929  0.74351826  0.56635947  0.40816291  0.39146077  0.33110147
  0.25901419  0.18790079  0.14632647  0.17429192  0.15987562  0.13821152
  0.12161653  0.06799671  0.05790898  0.05533369  0.07796393  0.08800928
  0.05097701  0.06880022  0.04798115  0.03065181  0.06082695  0.06013366
  0.02734096  0.06031823  0.09788215  0.04561518  0.04811067  0.07567363
  0.07520439  0.08297434  0.0791912   0.09256597  0.14032198  0.15078786
  0.25696514  0.64821475  1.22389487  2.03367827  3.22426174  4.48256103
  5.49622338  6.29470726]
Max. ratio:  6.29470725522 Min. ratio:  0.0273409595424

Time =  80

Heat flux: [[ 13.21600034  10.71554757   8.2055966    6.1054125    4.2486694
    3.15473189   2.21575682   1.69152392   1.2884485    0.92857417
    0.89058941   0.75323533   0.58924561   0.42742234   0.3328346
    0.39647624   0.36367205   0.31438964   0.27661524   0.15459704
    0.13162732   0.12571895   0.17729465   0.20014286   0.11587644
    0.15646349   0.1090604    0.06963333   0.13830158   0.13674009
    0.06211787   0.13722576   0.22267142   0.10375112   0.10947266
    0.17221247   0.17117602   0.18890824   0.18035306   0.21090756
    0.31973358   0.34378482   0.58577102   1.47620518   2.78631055
    4.62899535   7.33725253  10.1987904   12.50344089  14.31824149]]
Horizontally averaged heat flux profile:  [ 13.21600034  10.71554757   8.2055966    6.1054125    4.2486694
   3.15473189   2.21575682   1.69152392   1.2884485    0.92857417
   0.89058941   0.75323533   0.58924561   0.42742234   0.3328346
   0.39647624   0.36367205   0.31438964   0.27661524   0.15459704
   0.13162732   0.12571895   0.17729465   0.20014286   0.11587644
   0.15646349   0.1090604    0.06963333   0.13830158   0.13674009
   0.06211787   0.13722576   0.22267142   0.10375112   0.10947266
   0.17221247   0.17117602   0.18890824   0.18035306   0.21090756
   0.31973358   0.34378482   0.58577102   1.47620518   2.78631055
   4.62899535   7.33725253  10.1987904   12.50344089  14.31824149]
Ratio of heat flux : diffusive heat flux [ 5.80900691  4.70994918  3.60671657  2.68359432  1.86747498  1.38664187
  0.97392149  0.74349833  0.56632915  0.40814873  0.39145278  0.33107969
  0.25899907  0.18787071  0.14629528  0.17426855  0.15984968  0.13818792
  0.12158443  0.06795212  0.05785593  0.05525895  0.07792871  0.08797149
  0.05093273  0.06877251  0.04793679  0.03060688  0.06078956  0.06010322
  0.02730351  0.06031669  0.09787377  0.04560313  0.04811799  0.07569487
  0.0752393   0.08303339  0.07927301  0.09270305  0.14053681  0.15110838
  0.25747184  0.64885638  1.22470466  2.03464477  3.22504158  4.48281193
  5.49580605  6.29348984]
Max. ratio:  6.2934898394 Min. ratio:  0.0273035054715

Time =  82

Heat flux: [[ 13.21407056  10.71426223   8.20465633   6.10481415   4.24830854
    3.15454751   2.21562095   1.69147877   1.28838734   0.9285464
    0.89057468   0.75319737   0.58922195   0.427372     0.33278315
    0.39644722   0.36363659   0.31434927   0.27655939   0.15451488
    0.13151684   0.12555707   0.17720763   0.20005289   0.11576489
    0.15637884   0.10893077   0.0694802    0.13815324   0.13659574
    0.06194869   0.13711814   0.22254273   0.10360354   0.10935141
    0.17210663   0.17108071   0.18883825   0.18029005   0.21090055
    0.31979071   0.34389276   0.58602185   1.47665833   2.78698693
    4.62996024   7.33844877  10.20003701  12.50454367  14.31918341]]
Horizontally averaged heat flux profile:  [ 13.21407056  10.71426223   8.20465633   6.10481415   4.24830854
   3.15454751   2.21562095   1.69147877   1.28838734   0.9285464
   0.89057468   0.75319737   0.58922195   0.427372     0.33278315
   0.39644722   0.36363659   0.31434927   0.27655939   0.15451488
   0.13151684   0.12555707   0.17720763   0.20005289   0.11576489
   0.15637884   0.10893077   0.0694802    0.13815324   0.13659574
   0.06194869   0.13711814   0.22254273   0.10360354   0.10935141
   0.17210663   0.17108071   0.18883825   0.18029005   0.21090055
   0.31979071   0.34389276   0.58602185   1.47665833   2.78698693
   4.62996024   7.33844877  10.20003701  12.50454367  14.31918341]
Ratio of heat flux : diffusive heat flux [ 5.80815869  4.70938422  3.60630328  2.68333132  1.86731636  1.38656082
  0.97386177  0.74347848  0.56630227  0.40813653  0.39144631  0.331063
  0.25898867  0.18784858  0.14627267  0.1742558   0.15983409  0.13817017
  0.12155988  0.06791601  0.05780737  0.05518779  0.07789046  0.08793195
  0.0508837   0.0687353   0.04787981  0.03053957  0.06072436  0.06003977
  0.02722914  0.06026938  0.09781721  0.04553826  0.0480647   0.07564835
  0.07519741  0.08300262  0.07924532  0.09269997  0.14056192  0.15115583
  0.25758209  0.64905555  1.22500196  2.03506888  3.22556738  4.48335987
  5.49629077  6.29390385]
Max. ratio:  6.29390385086 Min. ratio:  0.0272291438286

Time =  84

Heat flux: [[ 13.2125299   10.7132346    8.20389942   6.10432902   4.24801531
    3.15439834   2.21551489   1.69144893   1.28834874   0.92853778
    0.89057943   0.75318569   0.58922561   0.42736035   0.33278212
    0.39643527   0.36361072   0.3143458    0.27653578   0.15446524
    0.13143399   0.12542598   0.17713567   0.19997783   0.11566471
    0.15629581   0.10880004   0.06931261   0.13798136   0.1364187
    0.06174178   0.13695331   0.22235403   0.10338862   0.10914694
    0.17190337   0.17087055   0.1886278    0.18005074   0.21065833
    0.31952045   0.34352415   0.58557064   1.47631258   2.78672529
    4.62991179   7.33910796  10.20168915  12.50710296  14.32284767]]
Horizontally averaged heat flux profile:  [ 13.2125299   10.7132346    8.20389942   6.10432902   4.24801531
   3.15439834   2.21551489   1.69144893   1.28834874   0.92853778
   0.89057943   0.75318569   0.58922561   0.42736035   0.33278212
   0.39643527   0.36361072   0.3143458    0.27653578   0.15446524
   0.13143399   0.12542598   0.17713567   0.19997783   0.11566471
   0.15629581   0.10880004   0.06931261   0.13798136   0.1364187
   0.06174178   0.13695331   0.22235403   0.10338862   0.10914694
   0.17190337   0.17087055   0.1886278    0.18005074   0.21065833
   0.31952045   0.34352415   0.58557064   1.47631258   2.78672529
   4.62991179   7.33910796  10.20168915  12.50710296  14.32284767]
Ratio of heat flux : diffusive heat flux [ 5.80748151  4.70893253  3.60597058  2.68311808  1.86718748  1.38649526
  0.97381515  0.74346537  0.5662853   0.40813274  0.39144839  0.33105787
  0.25899028  0.18784346  0.14627222  0.17425054  0.15982273  0.13816865
  0.1215495   0.06789419  0.05777096  0.05513017  0.07785883  0.08789895
  0.05083967  0.0686988   0.04782235  0.03046591  0.06064881  0.05996195
  0.0271382   0.06019694  0.09773427  0.0454438   0.04797483  0.07555901
  0.07510504  0.08291012  0.07914013  0.0925935   0.14044313  0.15099381
  0.25738376  0.64890358  1.22488696  2.03504759  3.22585713  4.48408605
  5.49741569  6.29551445]
Max. ratio:  6.29551445409 Min. ratio:  0.0271381963755

Time =  86

Heat flux: [[ 13.21128493  10.71240611   8.20328983   6.10394085   4.24778579
    3.15428902   2.21544446   1.69144416   1.28833976   0.92855648
    0.89060921   0.75320466   0.58925565   0.42737746   0.33280475
    0.39644629   0.36361936   0.31437285   0.27654266   0.15444804
    0.13138293   0.12533305   0.1770869    0.19992474   0.11558576
    0.15622611   0.10868382   0.06915385   0.13781282   0.13623914
    0.06153085   0.13676799   0.22214489   0.1031496    0.10890608
    0.17165326   0.17060094   0.18833853   0.17970754   0.21026759
    0.31903373   0.34283352   0.58463292   1.47539663   2.78577968
    4.62910366   7.33930733  10.20351064  12.51055061  14.3282651 ]]
Horizontally averaged heat flux profile:  [ 13.21128493  10.71240611   8.20328983   6.10394085   4.24778579
   3.15428902   2.21544446   1.69144416   1.28833976   0.92855648
   0.89060921   0.75320466   0.58925565   0.42737746   0.33280475
   0.39644629   0.36361936   0.31437285   0.27654266   0.15444804
   0.13138293   0.12533305   0.1770869    0.19992474   0.11558576
   0.15622611   0.10868382   0.06915385   0.13781282   0.13623914
   0.06153085   0.13676799   0.22214489   0.1031496    0.10890608
   0.17165326   0.17060094   0.18833853   0.17970754   0.21026759
   0.31903373   0.34283352   0.58463292   1.47539663   2.78577968
   4.62910366   7.33930733  10.20351064  12.51055061  14.3282651 ]
Ratio of heat flux : diffusive heat flux [ 5.80693429  4.70856837  3.60570264  2.68294747  1.86708659  1.38644721
  0.97378419  0.74346327  0.56628135  0.40814095  0.39146148  0.3310662
  0.25900349  0.18785098  0.14628216  0.17425539  0.15982652  0.13818054
  0.12155253  0.06788663  0.05774851  0.05508933  0.07783739  0.08787562
  0.05080497  0.06866817  0.04777127  0.03039612  0.06057473  0.05988303
  0.02704548  0.06011548  0.09764234  0.04533873  0.04786896  0.07544907
  0.07498653  0.08278298  0.07898928  0.09242175  0.1402292   0.15069024
  0.25697159  0.64850099  1.22447132  2.03469238  3.22594476  4.48488668
  5.49893108  6.29789565]
Max. ratio:  6.29789564865 Min. ratio:  0.0270454841716

Time =  88

Heat flux: [[ 13.2102841   10.71174306   8.20280489   6.10363819   4.2476146
    3.15421823   2.21540775   1.69146171   1.28835599   0.92859453
    0.8906577    0.75324426   0.58930549   0.42741675   0.33285102
    0.39649255   0.36364833   0.31441023   0.27657479   0.15445508
    0.13135825   0.12527549   0.1770596    0.1998925    0.11552901
    0.1561729    0.10858827   0.06901595   0.13766289   0.13607538
    0.06133712   0.13658745   0.22194283   0.1029174    0.10866399
    0.17139562   0.17031645   0.18802206   0.17932285   0.20980609
    0.31843304   0.3419655    0.58341368   1.474133     2.78440139
    4.62779392   7.33914857  10.20531663  12.51439365  14.3345707 ]]
Horizontally averaged heat flux profile:  [ 13.2102841   10.71174306   8.20280489   6.10363819   4.2476146
   3.15421823   2.21540775   1.69146171   1.28835599   0.92859453
   0.8906577    0.75324426   0.58930549   0.42741675   0.33285102
   0.39649255   0.36364833   0.31441023   0.27657479   0.15445508
   0.13135825   0.12527549   0.1770596    0.1998925    0.11552901
   0.1561729    0.10858827   0.06901595   0.13766289   0.13607538
   0.06133712   0.13658745   0.22194283   0.1029174    0.10866399
   0.17139562   0.17031645   0.18802206   0.17932285   0.20980609
   0.31843304   0.3419655    0.58341368   1.474133     2.78440139
   4.62779392   7.33914857  10.20531663  12.51439365  14.3345707 ]
Ratio of heat flux : diffusive heat flux [ 5.80649438  4.70827693  3.60548949  2.68281443  1.86701135  1.38641609
  0.97376805  0.74347098  0.56628849  0.40815768  0.39148279  0.33108361
  0.25902539  0.18786825  0.1463025   0.17427572  0.15983926  0.13819697
  0.12156665  0.06788973  0.05773767  0.05506403  0.07782539  0.08786145
  0.05078002  0.06864478  0.04772927  0.03033551  0.06050883  0.05981105
  0.02696033  0.06003612  0.09755353  0.04523667  0.04776255  0.07533583
  0.07486149  0.08264387  0.07882019  0.0922189   0.13996517  0.15030871
  0.25643568  0.64794556  1.2238655   2.03411669  3.22587498  4.48568049
  5.50062026  6.30066724]
Max. ratio:  6.3006672374 Min. ratio:  0.0269603305439

Time =  90

Heat flux: [[ 13.20950237  10.71122665   8.20242936   6.1034092    4.24749296
    3.15417842   2.21539767   1.69149549   1.28839059   0.92864671
    0.89071845   0.75329966   0.58936663   0.42746974   0.33290632
    0.39654858   0.36369452   0.31445656   0.27660693   0.1544822
    0.13135725   0.12523849   0.17704978   0.1998743    0.11549029
    0.15613399   0.10851317   0.06890263   0.13753775   0.13593612
    0.06117123   0.13642643   0.2217641    0.10271089   0.10844349
    0.171157     0.17004836   0.18771617   0.17894389   0.20933534
    0.31780224   0.34104069   0.58208744   1.47271571   2.78281385
    4.62621819   7.3387421   10.20697967  12.51824428  14.34106276]]
Horizontally averaged heat flux profile:  [ 13.20950237  10.71122665   8.20242936   6.1034092    4.24749296
   3.15417842   2.21539767   1.69149549   1.28839059   0.92864671
   0.89071845   0.75329966   0.58936663   0.42746974   0.33290632
   0.39654858   0.36369452   0.31445656   0.27660693   0.1544822
   0.13135725   0.12523849   0.17704978   0.1998743    0.11549029
   0.15613399   0.10851317   0.06890263   0.13753775   0.13593612
   0.06117123   0.13642643   0.2217641    0.10271089   0.10844349
   0.171157     0.17004836   0.18771617   0.17894389   0.20933534
   0.31780224   0.34104069   0.58208744   1.47271571   2.78281385
   4.62621819   7.3387421   10.20697967  12.51824428  14.34106276]
Ratio of heat flux : diffusive heat flux [ 5.80615078  4.70804995  3.60532443  2.68271378  1.86695788  1.38639859
  0.97376363  0.74348583  0.5663037   0.40818062  0.3915095   0.33110796
  0.25905227  0.18789154  0.14632681  0.17430035  0.15985956  0.13821734
  0.12158078  0.06790165  0.05773723  0.05504776  0.07782108  0.08785345
  0.05076301  0.06862768  0.04769626  0.0302857   0.06045382  0.05974984
  0.02688742  0.05996535  0.09747497  0.0451459   0.04766563  0.07523095
  0.07474365  0.08250942  0.07865362  0.09201199  0.13968791  0.14990222
  0.25585274  0.6473226   1.22316771  2.03342409  3.22569632  4.48641147
  5.50231278  6.30352078]
Max. ratio:  6.30352077802 Min. ratio:  0.0268874172093

Time =  92

Heat flux: [[ 13.20892464  10.71084482   8.2021519    6.10324474   4.24741255
    3.15416319   2.21540659   1.6915388    1.2884346    0.92870362
    0.89078115   0.75335903   0.58942774   0.42752423   0.33296007
    0.39660334   0.36374339   0.31450262   0.2766469    0.15450793
    0.13137769   0.12522824   0.17703233   0.19986013   0.11546201
    0.15610437   0.10845472   0.06881233   0.13743741   0.13582312
    0.06103605   0.13629132   0.22161572   0.10253876   0.10825641
    0.17095216   0.16981503   0.18744449   0.17860152   0.20889794
    0.31720202   0.34014862   0.58078709   1.47129671   2.781196
    4.62457043   7.33819249  10.20842646  12.52183048  14.34722978]]
Horizontally averaged heat flux profile:  [ 13.20892464  10.71084482   8.2021519    6.10324474   4.24741255
   3.15416319   2.21540659   1.6915388    1.2884346    0.92870362
   0.89078115   0.75335903   0.58942774   0.42752423   0.33296007
   0.39660334   0.36374339   0.31450262   0.2766469    0.15450793
   0.13137769   0.12522824   0.17703233   0.19986013   0.11546201
   0.15610437   0.10845472   0.06881233   0.13743741   0.13582312
   0.06103605   0.13629132   0.22161572   0.10253876   0.10825641
   0.17095216   0.16981503   0.18744449   0.17860152   0.20889794
   0.31720202   0.34014862   0.58078709   1.47129671   2.781196
   4.62457043   7.33819249  10.20842646  12.52183048  14.34722978]
Ratio of heat flux : diffusive heat flux [ 5.80589684  4.70788212  3.60520247  2.68264149  1.86692253  1.3863919
  0.97376755  0.74350487  0.56632304  0.40820563  0.39153706  0.33113406
  0.25907913  0.18791549  0.14635043  0.17432441  0.15988104  0.13823758
  0.12159834  0.06791295  0.05774621  0.05504326  0.07781341  0.08784722
  0.05075058  0.06861466  0.04767057  0.03024601  0.06040972  0.05970017
  0.026828    0.05990596  0.09740975  0.04507024  0.0475834   0.07514091
  0.07464109  0.08239001  0.07850314  0.09181973  0.13942408  0.14951011
  0.25528118  0.64669889  1.2224566   2.03269983  3.22545474  4.4870474
  5.50388907  6.30623145]
Max. ratio:  6.30623145187 Min. ratio:  0.0268279977297

Time =  94

Heat flux: [[ 13.20853769  10.71058717   8.20196242   6.10313584   4.2473647
    3.15416456   2.21542618   1.69158358   1.28848002   0.92875684
    0.89083899   0.75341379   0.58948296   0.42757259   0.33300742
    0.39665097   0.36378724   0.31454323   0.27668151   0.15453077
    0.13139254   0.12521996   0.1770171    0.19984811   0.11543901
    0.15607939   0.10840809   0.06874082   0.13735844   0.1357339
    0.06092942   0.13618266   0.22149815   0.10240223   0.10810613
    0.17078634   0.16962409   0.1872183    0.1783118    0.20851847
    0.31666988   0.33934684   0.57960134   1.4699813    2.77967546
    4.62299348   7.33758784  10.20962848  12.52498957  14.3527478 ]]
Horizontally averaged heat flux profile:  [ 13.20853769  10.71058717   8.20196242   6.10313584   4.2473647
   3.15416456   2.21542618   1.69158358   1.28848002   0.92875684
   0.89083899   0.75341379   0.58948296   0.42757259   0.33300742
   0.39665097   0.36378724   0.31454323   0.27668151   0.15453077
   0.13139254   0.12521996   0.1770171    0.19984811   0.11543901
   0.15607939   0.10840809   0.06874082   0.13735844   0.1357339
   0.06092942   0.13618266   0.22149815   0.10240223   0.10810613
   0.17078634   0.16962409   0.1872183    0.1783118    0.20851847
   0.31666988   0.33934684   0.57960134   1.4699813    2.77967546
   4.62299348   7.33758784  10.20962848  12.52498957  14.3527478 ]
Ratio of heat flux : diffusive heat flux [ 5.80572676  4.70776886  3.60511919  2.68259363  1.8669015   1.3863925
  0.97377615  0.74352455  0.56634301  0.40822902  0.39156248  0.33115813
  0.2591034   0.18793675  0.14637124  0.17434535  0.15990031  0.13825543
  0.12161356  0.06792299  0.05775274  0.05503962  0.07780671  0.08784194
  0.05074046  0.06860368  0.04765007  0.03021458  0.06037501  0.05966095
  0.02678113  0.0598582   0.09735807  0.04501023  0.04751734  0.07506802
  0.07455716  0.08229058  0.07837579  0.09165294  0.13919018  0.14915769
  0.25475999  0.64612071  1.22178825  2.03200669  3.22518897  4.48757574
  5.50527763  6.30865686]
Max. ratio:  6.30865686247 Min. ratio:  0.0267811310105

Time =  96

Heat flux: [[ 13.20832377  10.71044085   8.20185024   6.10307325   4.24734205
    3.15417561   2.21545061   1.69162443   1.28852189   0.92880209
    0.89088743   0.75345979   0.58952688   0.42761017   0.33304186
    0.39668554   0.36381854   0.31457088   0.27670395   0.15454313
    0.13139656   0.12520842   0.17700116   0.19983535   0.11541754
    0.15605576   0.10836913   0.06868335   0.13729611   0.13566403
    0.06084664   0.13609744   0.22140783   0.10229777   0.10799032
    0.17065814   0.16947532   0.18703945   0.17807912   0.20820658
    0.31622339   0.33866463   0.57857871   1.46883088   2.77833013
    4.62157865   7.33699427  10.21058984  12.5276505   14.35745571]]
Horizontally averaged heat flux profile:  [ 13.20832377  10.71044085   8.20185024   6.10307325   4.24734205
   3.15417561   2.21545061   1.69162443   1.28852189   0.92880209
   0.89088743   0.75345979   0.58952688   0.42761017   0.33304186
   0.39668554   0.36381854   0.31457088   0.27670395   0.15454313
   0.13139656   0.12520842   0.17700116   0.19983535   0.11541754
   0.15605576   0.10836913   0.06868335   0.13729611   0.13566403
   0.06084664   0.13609744   0.22140783   0.10229777   0.10799032
   0.17065814   0.16947532   0.18703945   0.17807912   0.20820658
   0.31622339   0.33866463   0.57857871   1.46883088   2.77833013
   4.62157865   7.33699427  10.21058984  12.5276505   14.35745571]
Ratio of heat flux : diffusive heat flux [ 5.80563273  4.70770455  3.60506988  2.68256612  1.86689155  1.38639736
  0.97378689  0.7435425   0.56636141  0.40824891  0.39158377  0.33117835
  0.2591227   0.18795327  0.14638638  0.17436055  0.15991407  0.13826758
  0.12162342  0.06792843  0.0577545   0.05503454  0.07779971  0.08783633
  0.05073103  0.06859329  0.04763295  0.03018932  0.06034761  0.05963024
  0.02674474  0.05982074  0.09731837  0.04496432  0.04746644  0.07501168
  0.07449177  0.08221197  0.07827352  0.09151585  0.13899393  0.14885783
  0.25431051  0.64561505  1.22119692  2.03138481  3.22492807  4.48799829
  5.50644723  6.31072619]
Max. ratio:  6.31072619371 Min. ratio:  0.0267447446397

Time =  98

Heat flux: [[ 13.20825932  10.71039025   8.20180377   6.10304856   4.2473384
    3.15419177   2.21547541   1.69165808   1.28855618   0.92883618
    0.89092288   0.7534932    0.58955616   0.42763363   0.33306101
    0.39670461   0.36383521   0.31458381   0.27671276   0.15454367
    0.13138893   0.12519104   0.17698199   0.19981968   0.11539512
    0.15603143   0.10833472   0.06863578   0.13724589   0.13560878
    0.06078235   0.13603121   0.22133944   0.10221957   0.10790354
    0.17056228   0.16936366   0.18690367   0.17789992   0.20796114
    0.31586501   0.33810927   0.57773548   1.46787054   2.77719565
    4.62037208   7.33645498  10.21133498  12.52981042  14.36131831]]
Horizontally averaged heat flux profile:  [ 13.20825932  10.71039025   8.20180377   6.10304856   4.2473384
   3.15419177   2.21547541   1.69165808   1.28855618   0.92883618
   0.89092288   0.7534932    0.58955616   0.42763363   0.33306101
   0.39670461   0.36383521   0.31458381   0.27671276   0.15454367
   0.13138893   0.12519104   0.17698199   0.19981968   0.11539512
   0.15603143   0.10833472   0.06863578   0.13724589   0.13560878
   0.06078235   0.13603121   0.22133944   0.10221957   0.10790354
   0.17056228   0.16936366   0.18690367   0.17789992   0.20796114
   0.31586501   0.33810927   0.57773548   1.46787054   2.77719565
   4.62037208   7.33645498  10.21133498  12.52981042  14.36131831]
Ratio of heat flux : diffusive heat flux [ 5.8056044   4.70768231  3.60504945  2.68255526  1.86688994  1.38640446
  0.97379779  0.7435573   0.56637648  0.4082639   0.39159935  0.33119303
  0.25913557  0.18796358  0.1463948   0.17436893  0.1599214   0.13827326
  0.12162729  0.06792866  0.05775115  0.05502691  0.07779128  0.08782944
  0.05072117  0.0685826   0.04761782  0.03016841  0.06032554  0.05960596
  0.02671648  0.05979163  0.09728831  0.04492995  0.0474283   0.07496954
  0.07444269  0.08215229  0.07819475  0.09140797  0.13883641  0.14861373
  0.25393987  0.64519294  1.22069827  2.03085447  3.22469103  4.48832581
  5.5073966   6.31242397]
Max. ratio:  6.31242397218 Min. ratio:  0.0267164841822

Time =  100

Heat flux: [[ 13.20831636  10.71041738   8.20181027   6.10305337   4.24734795
    3.15420915   2.21549709   1.69168232   1.28858064   0.92885779
    0.89094442   0.75351314   0.58957086   0.42764326   0.33306594
    0.39670931   0.36383836   0.31458339   0.27670926   0.15453362
    0.13137108   0.12516763   0.17695903   0.19980062   0.11537095
    0.15600573   0.10830303   0.06859503   0.13720414   0.13556404
    0.06073166   0.13597935   0.22128749   0.10216132   0.10783934
    0.17049194   0.16928189   0.18680353   0.17776618   0.20777444
    0.31558733   0.33767307   0.57706519   1.46709884   2.77627584
    4.61938476   7.33599273  10.21189817  12.53151066  14.36438599]]
Horizontally averaged heat flux profile:  [ 13.20831636  10.71041738   8.20181027   6.10305337   4.24734795
   3.15420915   2.21549709   1.69168232   1.28858064   0.92885779
   0.89094442   0.75351314   0.58957086   0.42764326   0.33306594
   0.39670931   0.36383836   0.31458339   0.27670926   0.15453362
   0.13137108   0.12516763   0.17695903   0.19980062   0.11537095
   0.15600573   0.10830303   0.06859503   0.13720414   0.13556404
   0.06073166   0.13597935   0.22128749   0.10216132   0.10783934
   0.17049194   0.16928189   0.18680353   0.17776618   0.20777444
   0.31558733   0.33767307   0.57706519   1.46709884   2.77627584
   4.61938476   7.33599273  10.21189817  12.53151066  14.36438599]
Ratio of heat flux : diffusive heat flux [ 5.80562947  4.70769424  3.60505231  2.68255738  1.86689414  1.3864121
  0.97380733  0.74356795  0.56638723  0.4082734   0.39160882  0.33120179
  0.25914203  0.18796781  0.14639697  0.174371    0.15992278  0.13827308
  0.12162575  0.06792425  0.0577433   0.05501662  0.07778119  0.08782106
  0.05071055  0.0685713   0.04760389  0.0301505   0.06030719  0.05958629
  0.02669421  0.05976884  0.09726548  0.04490434  0.04740008  0.07493862
  0.07440675  0.08210828  0.07813597  0.0913259   0.13871436  0.148422
  0.25364525  0.64485374  1.22029397  2.0304205   3.22448785  4.48857336
  5.50814393  6.31377235]
Max. ratio:  6.31377235367 Min. ratio:  0.0266942056714

Time-averaged & horizontally-averaged heat flux profile:  [ 13.22762093  10.72272109   8.2100418    6.10771496   4.24968065
   3.15493934   2.2157775    1.69117609   1.28816094   0.92812161
   0.89006474   0.75277406   0.58869444   0.42689538   0.33215914
   0.39573394   0.36297667   0.3136357    0.2758457    0.15378808
   0.13066235   0.12457174   0.17601382   0.19912991   0.11478472
   0.15529397   0.10781442   0.068079     0.1366676    0.13503325
   0.06033495   0.13538314   0.2207871    0.10171754   0.10728928
   0.16989384   0.16863577   0.18601262   0.17679189   0.20629946
   0.31328891   0.33407861   0.57125166   1.45976558   2.76683897
   4.60820889   7.32790132  10.21152014  12.54057882  14.38480986]
Time-averaged & horizontally-averaged ratio of heat flux : diffusive heat flux:  [ 5.81411467  4.71310225  3.60867043  2.68460635  1.86791947  1.38673305
  0.97393058  0.74334544  0.56620276  0.40794981  0.39122216  0.33087694
  0.25875681  0.18763909  0.14599839  0.17394228  0.15954403  0.13785653
  0.12124618  0.06759655  0.05743178  0.0547547   0.07736573  0.08752625
  0.05045288  0.06825845  0.04738913  0.02992368  0.06007135  0.05935299
  0.02651984  0.05950678  0.09704553  0.04470928  0.0471583   0.07467573
  0.07412275  0.08176064  0.07770773  0.09067759  0.1377041   0.14684208
  0.25108995  0.64163046  1.21614606  2.02550822  3.22093132  4.4884072
  5.51212978  6.32274953] J m^-2 s^-1

z-integrated heat flux:  2.27375923704
Domain-averaged Nusselt number:  0.999416070878
Max. Nusselt number:  6.3227495305 Min. Nusselt number:  0.0265198350253
