#time   KE       internal potential normalisedEnergy  max w max theta
0  0  0  0  0  0  301.988
2  2.66712e-27  -8.09239e-08  8.06197e-08  -3.04226e-10  0.113916  301.988
4  6.02089e-26  -3.23616e-07  3.22582e-07  -1.03473e-09  0.194726  301.988
6  3.66277e-26  -7.27974e-07  7.25863e-07  -2.11067e-09  0.245336  301.988
8  1.58669e-26  -1.29245e-06  1.28888e-06  -3.56535e-09  0.285321  301.988
10  -2.87973e-26  -2.01025e-06  2.00494e-06  -5.31571e-09  0.333651  301.988
12  2.79159e-25  -2.86391e-06  2.85681e-06  -7.10116e-09  0.394673  301.988
14  3.12694e-25  -3.82114e-06  3.81245e-06  -8.68346e-09  0.461259  301.988
16  4.55297e-25  -4.83641e-06  4.8263e-06  -1.01103e-08  0.525995  301.988
18  -4.29783e-25  -5.86012e-06  5.84833e-06  -1.17897e-08  0.58729  301.988
20  -1.54847e-25  -6.85171e-06  6.83748e-06  -1.42287e-08  0.647179  301.988
22  6.1025e-25  -7.78943e-06  7.77181e-06  -1.76202e-08  0.706822  301.988
24  7.00128e-25  -8.67108e-06  8.64936e-06  -2.1726e-08  0.76525  301.988
26  -5.16527e-25  -9.50592e-06  9.47983e-06  -2.60891e-08  0.821329  301.987
28  -2.43099e-25  -1.0304e-05  1.02736e-05  -3.0371e-08  0.875739  301.987
30  6.93525e-25  -1.10695e-05  1.10349e-05  -3.45587e-08  0.931019  301.987
32  -2.21768e-25  -1.18011e-05  1.17622e-05  -3.88994e-08  0.990049  301.987
34  9.00846e-25  -1.24957e-05  1.24521e-05  -4.36612e-08  1.05427  301.987
36  5.07263e-24  -1.31522e-05  1.31033e-05  -4.89225e-08  1.12273  301.987
38  -2.27513e-24  -1.37715e-05  1.37169e-05  -5.45843e-08  1.19242  301.987
40  -4.3975e-24  -1.43557e-05  1.42952e-05  -6.051e-08  1.25999  301.987
42  -3.59027e-24  -1.49063e-05  1.48396e-05  -6.66382e-08  1.32368  301.987
44  -9.38588e-25  -1.54237e-05  1.53507e-05  -7.29966e-08  1.38428  301.986
46  6.25621e-24  -1.59081e-05  1.58284e-05  -7.96582e-08  1.44422  301.986
48  5.78628e-24  -1.63598e-05  1.62731e-05  -8.66701e-08  1.5057  301.986
50  7.57496e-24  -1.67794e-05  1.66854e-05  -9.40276e-08  1.56921  301.986
52  -1.90486e-24  -1.71671e-05  1.70654e-05  -1.01696e-07  1.63356  301.985
54  3.6051e-24  -1.75224e-05  1.74128e-05  -1.09646e-07  1.69721  301.985
56  -1.10472e-23  -1.78438e-05  1.77259e-05  -1.17866e-07  1.75948  301.984
58  3.86839e-24  -1.81281e-05  1.80018e-05  -1.26348e-07  1.82074  301.984
60  3.45625e-24  -1.8371e-05  1.82359e-05  -1.35086e-07  1.88176  301.983
62  -5.09025e-24  -1.85664e-05  1.84223e-05  -1.44079e-07  1.94293  301.983
64  -1.58634e-24  -1.87077e-05  1.85544e-05  -1.53341e-07  2.00407  301.982
66  1.41966e-25  -1.87881e-05  1.86252e-05  -1.62904e-07  2.06487  301.981
68  3.35065e-24  -1.88024e-05  1.86296e-05  -1.72807e-07  2.1254  301.981
70  1.06339e-23  -1.87477e-05  1.85647e-05  -1.83073e-07  2.18615  301.98
72  -6.81687e-24  -1.86246e-05  1.84309e-05  -1.93701e-07  2.24771  301.979
74  -9.86114e-24  -1.84363e-05  1.82316e-05  -2.04682e-07  2.31034  301.978
76  7.83432e-24  -1.81875e-05  1.79715e-05  -2.16e-07  2.37385  301.977
78  -1.33919e-23  -1.78833e-05  1.76557e-05  -2.27627e-07  2.43768  301.976
80  1.41854e-23  -1.75281e-05  1.72886e-05  -2.39519e-07  2.50118  301.976
82  -2.84655e-24  -1.71248e-05  1.68732e-05  -2.51654e-07  2.56384  301.977
84  1.50941e-23  -1.66762e-05  1.64122e-05  -2.64057e-07  2.62553  301.978
86  1.25626e-23  -1.61859e-05  1.59092e-05  -2.7678e-07  2.68689  301.979
88  1.03534e-23  -1.56596e-05  1.53698e-05  -2.89845e-07  2.74842  301.98
90  1.42352e-24  -1.51049e-05  1.48017e-05  -3.03219e-07  2.81018  301.981
92  -2.51456e-24  -1.4531e-05  1.42141e-05  -3.16859e-07  2.87251  301.982
94  1.09247e-23  -1.39464e-05  1.36157e-05  -3.30755e-07  2.93538  301.983
96  -1.83423e-23  -1.3358e-05  1.3013e-05  -3.44919e-07  2.99845  301.984
98  -9.96405e-24  -1.27692e-05  1.24099e-05  -3.59344e-07  3.0613  301.984
100  1.70749e-23  -1.21807e-05  1.18067e-05  -3.74021e-07  3.12366  301.985
102  -2.88875e-23  -1.15905e-05  1.12016e-05  -3.88977e-07  3.18557  301.985
104  1.21689e-23  -1.09959e-05  1.05916e-05  -4.04274e-07  3.24727  301.986
106  2.55349e-23  -1.03939e-05  9.97393e-06  -4.19934e-07  3.30894  301.986
108  -1.87217e-23  -9.78281e-06  9.34689e-06  -4.35924e-07  3.3706  301.987
110  -1.4906e-23  -9.16256e-06  8.71036e-06  -4.52198e-07  3.43202  301.987
112  -4.53604e-23  -8.53445e-06  8.0657e-06  -4.6875e-07  3.4929  301.987
114  -3.6672e-24  -7.9007e-06  7.41511e-06  -4.8559e-07  3.55305  301.987
116  2.00665e-23  -7.26357e-06  6.76085e-06  -5.02711e-07  3.6125  301.986
118  -2.25106e-23  -6.62474e-06  6.10464e-06  -5.201e-07  3.67147  301.986
120  -1.06296e-24  -5.98543e-06  5.44768e-06  -5.37752e-07  3.73036  301.986
122  1.27036e-23  -5.34709e-06  4.7914e-06  -5.55687e-07  3.7896  301.985
124  6.61897e-24  -4.71278e-06  4.13886e-06  -5.73925e-07  3.84958  301.984
126  -1.97873e-23  -4.08863e-06  3.49615e-06  -5.92482e-07  3.91064  301.983
128  3.50375e-24  -3.48493e-06  2.87356e-06  -6.1137e-07  3.97297  301.982
130  -2.75011e-24  -2.91668e-06  2.28609e-06  -6.30585e-07  4.03648  301.981
132  -1.98491e-23  -2.40354e-06  1.7534e-06  -6.50145e-07  4.10073  301.979
134  2.40592e-23  -1.96919e-06  1.29916e-06  -6.70037e-07  4.16499  301.978
136  3.1486e-23  -1.64015e-06  9.49891e-07  -6.90257e-07  4.22847  301.976
138  3.81589e-23  -1.44385e-06  7.33038e-07  -7.10811e-07  4.29057  301.974
140  -2.34078e-24  -1.40588e-06  6.74184e-07  -7.31691e-07  4.35123  301.976
142  2.45394e-23  -1.54646e-06  7.93603e-07  -7.52861e-07  4.41102  301.978
144  -1.17162e-23  -1.87701e-06  1.10274e-06  -7.7427e-07  4.47097  301.979
146  3.6931e-23  -2.39751e-06  1.60164e-06  -7.95869e-07  4.53222  301.981
148  4.69775e-23  -3.09586e-06  2.27823e-06  -8.17624e-07  4.59554  301.982
150  -2.52812e-23  -3.94962e-06  3.11006e-06  -8.39563e-07  4.66093  301.983
152  2.08731e-24  -4.9297e-06  4.06794e-06  -8.61758e-07  4.72757  301.984
154  1.59685e-23  -6.00502e-06  5.12072e-06  -8.84298e-07  4.79403  301.985
156  -4.1502e-23  -7.14659e-06  6.23934e-06  -9.0725e-07  4.85877  301.985
158  2.15428e-23  -8.32965e-06  7.39903e-06  -9.30622e-07  4.9208  301.986
160  3.47551e-23  -9.53343e-06  8.57906e-06  -9.54361e-07  4.98001  301.986
162  -1.66752e-23  -1.07387e-05  9.76037e-06  -9.78369e-07  5.0372  301.985
164  3.3854e-23  -1.19251e-05  1.09225e-05  -1.00254e-06  5.09366  301.985
166  8.24696e-24  -1.30687e-05  1.20419e-05  -1.02683e-06  5.15056  301.984
168  -1.71271e-23  -1.41434e-05  1.30922e-05  -1.05123e-06  5.20832  301.983
170  -1.57412e-23  -1.51241e-05  1.40482e-05  -1.07586e-06  5.26638  301.982
172  -2.24651e-23  -1.59918e-05  1.4891e-05  -1.10085e-06  5.32336  301.98
174  3.23765e-24  -1.6739e-05  1.56126e-05  -1.12634e-06  5.37767  301.978
176  1.66035e-23  -1.73714e-05  1.62191e-05  -1.15237e-06  5.42832  301.976
178  -6.35592e-23  -1.79069e-05  1.6728e-05  -1.17891e-06  5.47545  301.973
180  -5.45864e-24  -1.83693e-05  1.71635e-05  -1.2058e-06  5.52058  301.974
182  4.43039e-23  -1.87817e-05  1.75489e-05  -1.23287e-06  5.56699  301.976
184  -7.66216e-23  -1.91596e-05  1.78997e-05  -1.25999e-06  5.6189  301.978
186  3.41636e-23  -1.9508e-05  1.82208e-05  -1.28714e-06  5.67539  301.98
188  4.82831e-23  -1.98218e-05  1.85074e-05  -1.31439e-06  5.73649  301.982
190  -1.35843e-23  -2.00907e-05  1.87488e-05  -1.34188e-06  5.80059  301.983
192  3.97125e-23  -2.03044e-05  1.89347e-05  -1.36974e-06  5.86507  301.984
194  -3.76136e-23  -2.04576e-05  1.90595e-05  -1.39807e-06  5.92748  301.984
196  7.90506e-23  -2.05511e-05  1.91242e-05  -1.42686e-06  5.98659  301.984
198  5.97914e-23  -2.05914e-05  1.91353e-05  -1.45606e-06  6.043  301.984
200  -3.58562e-23  -2.05867e-05  1.91012e-05  -1.48552e-06  6.09875  301.983
202  -9.81441e-25  -2.05438e-05  1.90286e-05  -1.51517e-06  6.15624  301.982
204  8.44837e-24  -2.04651e-05  1.89202e-05  -1.54494e-06  6.21688  301.981
206  -1.05804e-23  -2.03484e-05  1.87735e-05  -1.57486e-06  6.28029  301.979
208  7.07575e-24  -2.01877e-05  1.85827e-05  -1.605e-06  6.34431  301.977
210  -1.32125e-22  -1.9976e-05  1.83406e-05  -1.63543e-06  6.40601  301.974
212  -1.45863e-23  -1.97078e-05  1.80416e-05  -1.66621e-06  6.46297  301.971
214  -6.81523e-23  -1.93805e-05  1.76831e-05  -1.69733e-06  6.51442  301.972
216  3.09948e-23  -1.89952e-05  1.72664e-05  -1.72879e-06  6.56149  301.975
218  -3.55873e-23  -1.85562e-05  1.67956e-05  -1.76056e-06  6.60661  301.977
220  -8.87214e-24  -1.80691e-05  1.62765e-05  -1.7926e-06  6.65241  301.979
222  -1.2127e-22  -1.75403e-05  1.57154e-05  -1.8249e-06  6.70071  301.981
224  -5.64393e-23  -1.6976e-05  1.51186e-05  -1.85744e-06  6.75198  301.982
226  6.86801e-23  -1.63826e-05  1.44923e-05  -1.89024e-06  6.80552  301.983
228  -7.4853e-23  -1.57669e-05  1.38436e-05  -1.92331e-06  6.86002  301.983
230  -3.69496e-23  -1.51366e-05  1.318e-05  -1.95664e-06  6.91428  301.982
232  -7.41529e-23  -1.45e-05  1.25098e-05  -1.99021e-06  6.96759  301.981
234  -7.95372e-23  -1.3865e-05  1.1841e-05  -2.02399e-06  7.01986  301.98
236  -8.28828e-23  -1.32386e-05  1.11806e-05  -2.05797e-06  7.07132  301.978
238  1.32256e-22  -1.26259e-05  1.05338e-05  -2.09216e-06  7.12227  301.976
240  6.43215e-23  -1.20309e-05  9.90429e-06  -2.1266e-06  7.17285  301.973
242  -3.962e-23  -1.14564e-05  9.2951e-06  -2.16133e-06  7.22293  301.969
244  1.49461e-22  -1.09054e-05  8.70903e-06  -2.19638e-06  7.27229  301.968
246  1.0175e-22  -1.03807e-05  8.14894e-06  -2.23173e-06  7.32072  301.972
248  5.68737e-23  -9.88453e-06  7.61719e-06  -2.26734e-06  7.36953  301.975
250  -1.32643e-22  -9.41789e-06  7.11473e-06  -2.30316e-06  7.42148  301.977
252  2.76094e-23  -8.9796e-06  6.64046e-06  -2.33913e-06  7.47258  301.979
254  5.47457e-23  -8.56655e-06  6.19127e-06  -2.37528e-06  7.52307  301.98
256  -6.32036e-23  -8.17463e-06  5.76301e-06  -2.41163e-06  7.57319  301.98
258  2.59883e-23  -7.80017e-06  5.35191e-06  -2.44826e-06  7.62304  301.98
260  1.24441e-22  -7.44131e-06  4.95607e-06  -2.48523e-06  7.67249  301.98
262  -3.39338e-23  -7.09881e-06  4.57626e-06  -2.52255e-06  7.72122  301.978
264  -2.2061e-23  -6.77611e-06  4.21596e-06  -2.56016e-06  7.76886  301.976
266  3.11744e-23  -6.47876e-06  3.88078e-06  -2.59798e-06  7.81514  301.973
268  2.49535e-22  -6.2136e-06  3.57763e-06  -2.63597e-06  7.86005  301.97
270  -5.1728e-23  -5.98814e-06  3.31402e-06  -2.67412e-06  7.90389  301.966
272  -9.22114e-23  -5.81033e-06  3.09787e-06  -2.71246e-06  7.94721  301.964
274  1.11146e-22  -5.68888e-06  2.93788e-06  -2.751e-06  7.99076  301.968
276  -3.73538e-23  -5.63397e-06  2.8442e-06  -2.78977e-06  8.03526  301.972
278  -1.20978e-22  -5.65792e-06  2.8291e-06  -2.82882e-06  8.08126  301.974
280  9.22071e-23  -5.77546e-06  2.90729e-06  -2.86817e-06  8.129  301.976
282  5.50299e-23  -6.00321e-06  3.09538e-06  -2.90783e-06  8.17833  301.977
284  -2.63718e-23  -6.35821e-06  3.41044e-06  -2.94777e-06  8.22873  301.978
286  9.11941e-23  -6.85574e-06  3.86781e-06  -2.98793e-06  8.27941  301.977
288  3.78073e-23  -7.50663e-06  4.47834e-06  -3.02829e-06  8.32949  301.976
290  -4.6117e-23  -8.31474e-06  5.24594e-06  -3.0688e-06  8.37817  301.974
292  1.07019e-22  -9.27511e-06  6.16566e-06  -3.10945e-06  8.42489  301.971
294  1.63589e-22  -1.03732e-05  7.22302e-06  -3.15021e-06  8.46939  301.968
296  1.22755e-22  -1.15856e-05  8.39446e-06  -3.19109e-06  8.51168  301.963
298  1.29681e-22  -1.28812e-05  9.64912e-06  -3.23213e-06  8.55194  301.958
300  7.57251e-23  -1.42247e-05  1.09513e-05  -3.27335e-06  8.5904  301.962
302  -1.64577e-22  -1.55786e-05  1.22638e-05  -3.31477e-06  8.62731  301.966
304  1.29687e-22  -1.69069e-05  1.35505e-05  -3.35641e-06  8.66292  301.97
306  -8.56649e-23  -1.81778e-05  1.47795e-05  -3.39828e-06  8.69747  301.972
308  -2.47483e-22  -1.9365e-05  1.59246e-05  -3.4404e-06  8.7312  301.973
310  4.42704e-23  -2.0449e-05  1.69662e-05  -3.48275e-06  8.76968  301.974
312  2.3507e-22  -2.14165e-05  1.78911e-05  -3.52531e-06  8.80794  301.974
314  7.66441e-23  -2.22594e-05  1.86913e-05  -3.56807e-06  8.84588  301.972
316  -1.03109e-22  -2.29736e-05  1.93626e-05  -3.61096e-06  8.88347  301.97
318  1.32015e-22  -2.35578e-05  1.99038e-05  -3.65398e-06  8.92073  301.967
320  -1.79659e-22  -2.40131e-05  2.0316e-05  -3.6971e-06  8.95769  301.962
322  2.96285e-22  -2.43436e-05  2.06032e-05  -3.7404e-06  8.99447  301.957
324  2.34466e-23  -2.45567e-05  2.07728e-05  -3.78394e-06  9.0312  301.951
326  -2.42423e-22  -2.46646e-05  2.08369e-05  -3.82779e-06  9.06791  301.956
328  -9.15018e-23  -2.46838e-05  2.08118e-05  -3.87196e-06  9.1045  301.961
330  -1.45235e-22  -2.46337e-05  2.07173e-05  -3.91643e-06  9.14067  301.965
332  -2.1351e-23  -2.45344e-05  2.05733e-05  -3.96109e-06  9.17608  301.967
334  2.80445e-25  -2.44029e-05  2.03971e-05  -4.00586e-06  9.21043  301.969
336  9.94781e-23  -2.42501e-05  2.01994e-05  -4.05066e-06  9.24359  301.969
338  1.69362e-24  -2.40787e-05  1.99832e-05  -4.09546e-06  9.2757  301.968
340  4.17609e-24  -2.38837e-05  1.97435e-05  -4.14026e-06  9.30709  301.967
342  -1.67815e-22  -2.3655e-05  1.94698e-05  -4.18515e-06  9.33821  301.964
344  1.39437e-22  -2.33812e-05  1.9151e-05  -4.23023e-06  9.36946  301.96
346  -1.91415e-23  -2.30544e-05  1.87788e-05  -4.27559e-06  9.40116  301.955
348  -2.3703e-22  -2.26728e-05  1.83515e-05  -4.32125e-06  9.43338  301.949
350  -1.04948e-22  -2.22417e-05  1.78745e-05  -4.36718e-06  9.46607  301.942
352  -1.66863e-22  -2.17715e-05  1.73582e-05  -4.41328e-06  9.49901  301.949
354  1.01319e-22  -2.1274e-05  1.68145e-05  -4.45946e-06  9.53197  301.954
356  1.83291e-22  -2.07585e-05  1.62529e-05  -4.50565e-06  9.56474  301.959
358  4.84016e-23  -2.02292e-05  1.56774e-05  -4.55184e-06  9.59723  301.961
360  1.75041e-22  -1.96846e-05  1.50865e-05  -4.59808e-06  9.62943  301.963
362  -2.91081e-22  -1.91196e-05  1.44752e-05  -4.64445e-06  9.66137  301.963
364  9.83234e-24  -1.85291e-05  1.3838e-05  -4.69105e-06  9.69299  301.962
366  -2.60301e-22  -1.79113e-05  1.31734e-05  -4.73793e-06  9.7241  301.959
368  1.23038e-22  -1.72704e-05  1.24853e-05  -4.78507e-06  9.75432  301.956
370  -1.09149e-22  -1.66163e-05  1.17839e-05  -4.83239e-06  9.78318  301.951
372  -1.43321e-23  -1.59627e-05  1.10829e-05  -4.87979e-06  9.81026  301.945
374  -5.05327e-23  -1.53245e-05  1.03972e-05  -4.92721e-06  9.8353  301.937
376  3.23329e-23  -1.47141e-05  9.73947e-06  -4.9746e-06  9.85836  301.931
378  -1.60943e-22  -1.41402e-05  9.11822e-06  -5.02196e-06  9.88176  301.939
380  -1.34311e-22  -1.36073e-05  8.53798e-06  -5.06935e-06  9.90629  301.946
382  -3.42106e-22  -1.31171e-05  8.00029e-06  -5.11681e-06  9.93021  301.95
384  9.59942e-23  -1.26699e-05  7.50547e-06  -5.16444e-06  9.95411  301.953
386  -1.29128e-22  -1.22664e-05  7.05413e-06  -5.21225e-06  9.97852  301.955
388  3.76315e-22  -1.19081e-05  6.6478e-06  -5.26026e-06  10.0039  301.955
390  3.57767e-23  -1.1597e-05  6.28855e-06  -5.30841e-06  10.0305  301.953
392  1.01134e-22  -1.13347e-05  5.97802e-06  -5.35668e-06  10.0585  301.95
394  5.54215e-23  -1.11215e-05  5.71651e-06  -5.40501e-06  10.0877  301.945
396  -9.88986e-23  -1.09558e-05  5.50246e-06  -5.45339e-06  10.1175  301.94
398  9.74463e-23  -1.08345e-05  5.33268e-06  -5.50182e-06  10.1472  301.932
400  1.23843e-22  -1.07534e-05  5.2031e-06  -5.55033e-06  10.176  301.924
402  -6.51436e-24  -1.07086e-05  5.10965e-06  -5.59894e-06  10.2034  301.916
404  1.72847e-22  -1.06968e-05  5.04912e-06  -5.64764e-06  10.2291  301.925
406  -8.51378e-23  -1.0716e-05  5.01957e-06  -5.69644e-06  10.2534  301.932
408  1.23154e-22  -1.07658e-05  5.02053e-06  -5.74531e-06  10.2767  301.938
410  -2.95507e-22  -1.08473e-05  5.05304e-06  -5.79422e-06  10.2996  301.941
412  -3.0465e-22  -1.09628e-05  5.11966e-06  -5.84317e-06  10.3224  301.943
414  6.69905e-23  -1.11168e-05  5.22464e-06  -5.89216e-06  10.3453  301.943
416  2.04254e-22  -1.13152e-05  5.37399e-06  -5.94119e-06  10.3681  301.941
418  -2.84113e-23  -1.15657e-05  5.57545e-06  -5.99029e-06  10.3905  301.938
420  -1.52294e-22  -1.18776e-05  5.83818e-06  -6.03946e-06  10.4124  301.933
422  -4.51971e-23  -1.22609e-05  6.17217e-06  -6.08868e-06  10.4339  301.926
424  -2.01091e-22  -1.27253e-05  6.58734e-06  -6.13796e-06  10.4551  301.918
426  1.81436e-22  -1.32801e-05  7.09278e-06  -6.18727e-06  10.4766  301.908
428  -1.39361e-22  -1.39326e-05  7.69599e-06  -6.23663e-06  10.4987  301.899
430  -1.88277e-22  -1.46884e-05  8.40232e-06  -6.28604e-06  10.5218  301.904
432  -2.21517e-22  -1.555e-05  9.2145e-06  -6.33551e-06  10.5458  301.913
434  1.03256e-22  -1.6517e-05  1.0132e-05  -6.38503e-06  10.5703  301.919
436  -1.71424e-22  -1.75847e-05  1.11501e-05  -6.4346e-06  10.5949  301.924
438  -7.09964e-23  -1.87433e-05  1.22591e-05  -6.48422e-06  10.6189  301.927
440  -9.02334e-23  -1.99767e-05  1.34429e-05  -6.53387e-06  10.6419  301.927
442  -3.31077e-22  -2.1262e-05  1.46785e-05  -6.58349e-06  10.6637  301.926
444  -8.92051e-23  -2.25695e-05  1.59364e-05  -6.63307e-06  10.6843  301.922
446  5.44814e-22  -2.38647e-05  1.71822e-05  -6.68258e-06  10.7037  301.917
448  -1.0782e-23  -2.51103e-05  1.83783e-05  -6.73201e-06  10.7224  301.91
450  -3.30519e-22  -2.62695e-05  1.94881e-05  -6.7814e-06  10.7403  301.902
452  -2.87191e-22  -2.73097e-05  2.04789e-05  -6.8308e-06  10.7575  301.894
454  9.5238e-23  -2.8205e-05  2.13248e-05  -6.88026e-06  10.7738  301.885
456  5.35477e-23  -2.89382e-05  2.20084e-05  -6.92982e-06  10.7889  301.877
458  2.39925e-22  -2.95012e-05  2.25217e-05  -6.9795e-06  10.8026  301.884
460  1.54292e-22  -2.98943e-05  2.2865e-05  -7.02927e-06  10.8151  301.893
462  3.51867e-23  -3.01247e-05  2.30456e-05  -7.0791e-06  10.8265  301.899
464  -4.78519e-24  -3.02045e-05  2.30756e-05  -7.12897e-06  10.8373  301.903
466  -3.49125e-22  -3.01488e-05  2.297e-05  -7.17882e-06  10.8483  301.905
468  2.33058e-22  -2.99739e-05  2.27453e-05  -7.22864e-06  10.8611  301.905
470  -1.68974e-22  -2.96967e-05  2.24183e-05  -7.27841e-06  10.8772  301.902
472  2.67612e-22  -2.9334e-05  2.20059e-05  -7.32815e-06  10.8947  301.897
474  -3.64396e-22  -2.89022e-05  2.15243e-05  -7.37786e-06  10.9137  301.891
476  -1.40665e-22  -2.84173e-05  2.09897e-05  -7.42757e-06  10.9335  301.885
478  -3.38197e-23  -2.78948e-05  2.04175e-05  -7.47732e-06  10.9538  301.878
480  1.13527e-22  -2.73491e-05  1.9822e-05  -7.52709e-06  10.9741  301.869
482  -1.76674e-22  -2.67922e-05  1.92153e-05  -7.57689e-06  10.9943  301.865
484  -1.17168e-22  -2.62332e-05  1.86065e-05  -7.62666e-06  11.0143  301.859
486  -3.07183e-22  -2.56769e-05  1.80006e-05  -7.6764e-06  11.0342  301.856
488  1.08993e-22  -2.51238e-05  1.73977e-05  -7.72607e-06  11.0544  301.865
490  -4.97988e-23  -2.45701e-05  1.67944e-05  -7.77568e-06  11.0749  301.872
492  -1.33241e-23  -2.40093e-05  1.6184e-05  -7.82522e-06  11.0958  301.876
494  -1.22416e-22  -2.34343e-05  1.55596e-05  -7.87473e-06  11.1168  301.877
496  6.65991e-23  -2.28399e-05  1.49156e-05  -7.92424e-06  11.1375  301.876
498  6.4786e-23  -2.22245e-05  1.42508e-05  -7.97379e-06  11.1571  301.873
500  -5.13045e-22  -2.15917e-05  1.35683e-05  -8.02339e-06  11.1753  301.868
502  1.39141e-22  -2.09494e-05  1.28763e-05  -8.07303e-06  11.1915  301.863
504  1.45693e-23  -2.03085e-05  1.21858e-05  -8.12268e-06  11.2057  301.857
506  3.92159e-23  -1.96806e-05  1.15084e-05  -8.17226e-06  11.2186  301.85
508  -4.47038e-22  -1.9075e-05  1.08533e-05  -8.2217e-06  11.2311  301.847
510  4.12859e-22  -1.8497e-05  1.0226e-05  -8.27094e-06  11.2444  301.841
512  -4.40523e-22  -1.79478e-05  9.62785e-06  -8.31995e-06  11.2597  301.834
514  -1.59179e-23  -1.74257e-05  9.05695e-06  -8.36878e-06  11.2776  301.825
516  -6.078e-22  -1.69284e-05  8.51094e-06  -8.4175e-06  11.2983  301.83
518  5.03477e-23  -1.64558e-05  7.98956e-06  -8.46623e-06  11.3209  301.837
520  -2.24192e-22  -1.60118e-05  7.49668e-06  -8.51508e-06  11.344  301.842
522  2.13889e-22  -1.56049e-05  7.04086e-06  -8.56406e-06  11.3661  301.843
524  -1.65271e-22  -1.52472e-05  6.63407e-06  -8.61315e-06  11.3857  301.843
526  2.55597e-22  -1.49513e-05  6.28905e-06  -8.66223e-06  11.4023  301.84
528  -2.84554e-22  -1.47274e-05  6.01619e-06  -8.71122e-06  11.4159  301.835
530  5.01813e-22  -1.4581e-05  5.821e-06  -8.76005e-06  11.4271  301.831
532  -5.35098e-24  -1.45117e-05  5.70297e-06  -8.80869e-06  11.4372  301.825
534  4.60528e-22  -1.45134e-05  5.65626e-06  -8.85718e-06  11.4472  301.821
536  2.1157e-22  -1.45773e-05  5.67173e-06  -8.90557e-06  11.4581  301.817
538  -1.95765e-22  -1.46935e-05  5.73961e-06  -8.95393e-06  11.4701  301.812
540  1.14509e-22  -1.48542e-05  5.85187e-06  -9.00232e-06  11.4831  301.804
542  6.66518e-23  -1.50541e-05  6.00338e-06  -9.05073e-06  11.4965  301.802
544  -4.11248e-22  -1.5291e-05  6.19183e-06  -9.09913e-06  11.5098  301.8
546  -5.3451e-22  -1.55639e-05  6.41647e-06  -9.14744e-06  11.5226  301.797
548  -6.88689e-22  -1.58722e-05  6.6766e-06  -9.19558e-06  11.5348  301.802
550  2.18359e-22  -1.6214e-05  6.97041e-06  -9.24354e-06  11.5468  301.805
552  -3.79008e-22  -1.6586e-05  7.2947e-06  -9.29132e-06  11.5589  301.805
554  -8.41586e-23  -1.69846e-05  7.64565e-06  -9.33897e-06  11.5717  301.803
556  2.8563e-22  -1.74068e-05  8.02018e-06  -9.38657e-06  11.5877  301.799
558  5.23816e-22  -1.78516e-05  8.41742e-06  -9.43418e-06  11.6072  301.795
560  -2.98559e-22  -1.83214e-05  8.83953e-06  -9.48183e-06  11.6279  301.79
562  4.08692e-22  -1.88212e-05  9.29175e-06  -9.52948e-06  11.6495  301.787
564  -1.23947e-22  -1.93586e-05  9.78157e-06  -9.57708e-06  11.6717  301.784
566  3.4133e-22  -1.99419e-05  1.03174e-05  -9.62455e-06  11.694  301.778
568  -2.74749e-22  -2.0579e-05  1.09071e-05  -9.67184e-06  11.7157  301.77
570  -2.73481e-22  -2.12762e-05  1.15572e-05  -9.71897e-06  11.7363  301.771
572  3.94481e-22  -2.20377e-05  1.22718e-05  -9.76593e-06  11.7553  301.769
574  5.22171e-22  -2.28653e-05  1.30525e-05  -9.81276e-06  11.7728  301.765
576  6.86793e-23  -2.37579e-05  1.38984e-05  -9.85952e-06  11.7888  301.758
578  -1.71804e-22  -2.47119e-05  1.48057e-05  -9.9062e-06  11.8035  301.762
580  2.15931e-22  -2.57199e-05  1.57671e-05  -9.95283e-06  11.8175  301.763
582  -6.97292e-22  -2.67711e-05  1.67717e-05  -9.99942e-06  11.831  301.763
584  1.35837e-22  -2.78502e-05  1.78042e-05  -1.00459e-05  11.8441  301.759
586  -5.50628e-23  -2.89373e-05  1.88449e-05  -1.00924e-05  11.8569  301.756
588  -4.58109e-22  -3.00086e-05  1.98699e-05  -1.01387e-05  11.8695  301.752
590  -1.15606e-21  -3.10365e-05  2.08517e-05  -1.01848e-05  11.8817  301.749
592  1.08498e-24  -3.19915e-05  2.17608e-05  -1.02308e-05  11.8938  301.746
594  1.28219e-24  -3.28436e-05  2.2567e-05  -1.02766e-05  11.9059  301.742
596  1.84255e-23  -3.3564e-05  2.32417e-05  -1.03223e-05  11.9181  301.735
598  -1.14432e-21  -3.41276e-05  2.37598e-05  -1.03678e-05  11.9307  301.735
600  -9.89607e-23  -3.45151e-05  2.41017e-05  -1.04134e-05  11.9436  301.733
602  -1.00787e-22  -3.47143e-05  2.42555e-05  -1.04589e-05  11.9564  301.729
604  -3.02678e-22  -3.4722e-05  2.42177e-05  -1.05044e-05  11.9688  301.723
606  9.02449e-23  -3.45441e-05  2.39942e-05  -1.05499e-05  11.9803  301.715
608  1.26631e-22  -3.41949e-05  2.35995e-05  -1.05954e-05  11.9908  301.718
610  1.18385e-22  -3.36961e-05  2.30553e-05  -1.06408e-05  12.0002  301.72
612  2.41333e-23  -3.30739e-05  2.23879e-05  -1.0686e-05  12.0088  301.719
614  3.8169e-22  -3.23565e-05  2.16255e-05  -1.0731e-05  12.0172  301.715
616  -3.56446e-22  -3.15718e-05  2.07959e-05  -1.07758e-05  12.0259  301.713
618  -1.07086e-22  -3.07447e-05  1.99242e-05  -1.08205e-05  12.0351  301.708
620  3.38313e-22  -2.98964e-05  1.90314e-05  -1.0865e-05  12.0449  301.706
622  -2.95869e-23  -2.9044e-05  1.81345e-05  -1.09095e-05  12.0551  301.703
624  -5.99469e-22  -2.82005e-05  1.72466e-05  -1.09539e-05  12.0652  301.699
626  -1.69763e-22  -2.73759e-05  1.63776e-05  -1.09983e-05  12.0779  301.698
628  -4.26355e-22  -2.65776e-05  1.55349e-05  -1.10427e-05  12.0938  301.695
630  -1.41344e-23  -2.58109e-05  1.4724e-05  -1.1087e-05  12.1093  301.692
632  2.52748e-22  -2.50793e-05  1.39482e-05  -1.11311e-05  12.1248  301.687
634  -6.08875e-22  -2.4384e-05  1.32089e-05  -1.11751e-05  12.1406  301.68
636  -3.552e-22  -2.37239e-05  1.2505e-05  -1.12189e-05  12.1572  301.678
638  1.04392e-22  -2.30959e-05  1.18335e-05  -1.12624e-05  12.1748  301.68
640  1.70258e-22  -2.24953e-05  1.11895e-05  -1.13058e-05  12.1934  301.679
642  7.09024e-22  -2.19169e-05  1.05679e-05  -1.1349e-05  12.2127  301.675
644  4.7758e-22  -2.13563e-05  9.96432e-06  -1.1392e-05  12.2319  301.676
646  2.60484e-22  -2.08116e-05  9.37658e-06  -1.1435e-05  12.2505  301.674
648  -6.67866e-23  -2.02838e-05  8.80584e-06  -1.14779e-05  12.2678  301.669
650  4.88646e-22  -1.97777e-05  8.25678e-06  -1.15209e-05  12.2833  301.663
652  7.8759e-22  -1.9301e-05  7.73723e-06  -1.15638e-05  12.2969  301.663
654  -2.68629e-22  -1.88634e-05  7.25682e-06  -1.16066e-05  12.3088  301.662
656  6.09577e-22  -1.84746e-05  6.82529e-06  -1.16493e-05  12.3195  301.659
658  5.14288e-23  -1.81425e-05  6.45071e-06  -1.16918e-05  12.3298  301.653
660  5.78688e-22  -1.78722e-05  6.13814e-06  -1.17341e-05  12.3401  301.65
662  -5.43785e-23  -1.76653e-05  5.88913e-06  -1.17761e-05  12.3509  301.645
664  -2.14274e-22  -1.75201e-05  5.70217e-06  -1.18179e-05  12.3621  301.641
666  1.47373e-22  -1.74337e-05  5.57411e-06  -1.18596e-05  12.3735  301.643
668  -1.26634e-22  -1.74029e-05  5.50185e-06  -1.1901e-05  12.3846  301.642
670  -1.01506e-22  -1.74264e-05  5.48401e-06  -1.19424e-05  12.3949  301.644
672  1.77716e-22  -1.75056e-05  5.52181e-06  -1.19838e-05  12.4041  301.643
674  -5.0173e-23  -1.7644e-05  5.61892e-06  -1.20251e-05  12.4121  301.639
676  3.19769e-22  -1.78464e-05  5.7801e-06  -1.20663e-05  12.4192  301.633
678  -1.04465e-21  -1.81167e-05  6.00927e-06  -1.21074e-05  12.4258  301.624
680  1.88739e-22  -1.84557e-05  6.30732e-06  -1.21484e-05  12.4323  301.624
682  1.59865e-22  -1.88598e-05  6.67067e-06  -1.21891e-05  12.4389  301.624
684  5.44218e-23  -1.93206e-05  7.09095e-06  -1.22297e-05  12.4526  301.621
686  -1.20672e-22  -1.98262e-05  7.55602e-06  -1.22702e-05  12.4685  301.617
688  -2.40533e-22  -2.03627e-05  8.05209e-06  -1.23106e-05  12.4839  301.613
690  7.04565e-23  -2.09173e-05  8.56632e-06  -1.23509e-05  12.4985  301.617
692  -1.76925e-22  -2.14803e-05  9.08903e-06  -1.23913e-05  12.5121  301.617
694  -4.10869e-22  -2.20465e-05  9.61493e-06  -1.24315e-05  12.5248  301.615
696  -3.30516e-22  -2.26148e-05  1.01431e-05  -1.24717e-05  12.5368  301.61
698  3.51497e-22  -2.31872e-05  1.06755e-05  -1.25117e-05  12.5484  301.607
700  3.27697e-22  -2.3767e-05  1.12156e-05  -1.25514e-05  12.5599  301.606
702  1.49533e-22  -2.43569e-05  1.17661e-05  -1.25908e-05  12.5715  301.602
704  4.11414e-22  -2.4958e-05  1.2328e-05  -1.263e-05  12.5831  301.595
706  -2.42914e-22  -2.55697e-05  1.29007e-05  -1.2669e-05  12.5948  301.587
708  -7.46888e-22  -2.6191e-05  1.34832e-05  -1.27078e-05  12.6064  301.582
710  -8.23387e-22  -2.68213e-05  1.40748e-05  -1.27464e-05  12.6178  301.584
712  -4.06202e-22  -2.74621e-05  1.46772e-05  -1.2785e-05  12.6291  301.583
714  -5.95671e-22  -2.81174e-05  1.52939e-05  -1.28235e-05  12.6402  301.58
716  5.74561e-22  -2.87923e-05  1.59305e-05  -1.28619e-05  12.6513  301.584
718  7.35153e-23  -2.94924e-05  1.65922e-05  -1.29002e-05  12.6623  301.585
720  3.13061e-22  -3.0221e-05  1.72826e-05  -1.29384e-05  12.6732  301.584
722  -9.10177e-23  -3.09775e-05  1.80009e-05  -1.29766e-05  12.6837  301.58
724  -8.88956e-22  -3.17561e-05  1.87415e-05  -1.30147e-05  12.6933  301.573
726  2.82318e-22  -3.25458e-05  1.94932e-05  -1.30526e-05  12.7015  301.568
728  -1.20083e-23  -3.33307e-05  2.02402e-05  -1.30905e-05  12.7078  301.567
730  -8.72965e-23  -3.40915e-05  2.09631e-05  -1.31284e-05  12.7117  301.564
732  -1.00686e-21  -3.48066e-05  2.16405e-05  -1.31661e-05  12.7127  301.559
734  -3.78664e-23  -3.54534e-05  2.22497e-05  -1.32037e-05  12.7153  301.551
736  -8.50309e-23  -3.60092e-05  2.27681e-05  -1.32411e-05  12.7229  301.543
738  2.49844e-22  -3.64517e-05  2.31734e-05  -1.32783e-05  12.7285  301.549
740  3.31172e-24  -3.67596e-05  2.34443e-05  -1.33153e-05  12.7326  301.552
742  3.10651e-22  -3.69138e-05  2.35617e-05  -1.33521e-05  12.736  301.553
744  6.7164e-22  -3.68987e-05  2.351e-05  -1.33887e-05  12.7395  301.551
746  -4.06371e-22  -3.67038e-05  2.32787e-05  -1.34251e-05  12.7438  301.549
748  2.71924e-22  -3.63256e-05  2.28641e-05  -1.34615e-05  12.7495  301.548
750  1.24601e-22  -3.57686e-05  2.22708e-05  -1.34978e-05  12.7569  301.543
752  -8.9543e-23  -3.50459e-05  2.15117e-05  -1.35341e-05  12.7656  301.537
754  1.90712e-22  -3.41786e-05  2.06083e-05  -1.35704e-05  12.7751  301.528
756  -9.14189e-24  -3.31948e-05  1.95882e-05  -1.36066e-05  12.7843  301.528
758  -3.71538e-22  -3.21267e-05  1.84841e-05  -1.36426e-05  12.7926  301.527
760  -1.1561e-22  -3.10085e-05  1.73299e-05  -1.36786e-05  12.7993  301.523
762  2.10629e-22  -2.98735e-05  1.61591e-05  -1.37144e-05  12.8043  301.517
764  -3.60802e-22  -2.87518e-05  1.50018e-05  -1.375e-05  12.8081  301.518
766  2.33327e-22  -2.76687e-05  1.38832e-05  -1.37855e-05  12.8113  301.522
768  1.2921e-22  -2.66433e-05  1.28225e-05  -1.38209e-05  12.8145  301.523
770  6.27051e-22  -2.56885e-05  1.18324e-05  -1.38561e-05  12.818  301.522
772  -8.57468e-23  -2.48112e-05  1.092e-05  -1.38912e-05  12.8219  301.518
774  1.74623e-22  -2.40132e-05  1.00871e-05  -1.39261e-05  12.8258  301.513
776  2.01035e-22  -2.32931e-05  9.33215e-06  -1.3961e-05  12.8288  301.511
778  -4.28129e-22  -2.26469e-05  8.65123e-06  -1.39957e-05  12.8301  301.507
780  5.73328e-22  -2.20696e-05  8.03936e-06  -1.40303e-05  12.8401  301.502
782  -1.72659e-22  -2.15562e-05  7.49141e-06  -1.40648e-05  12.8506  301.494
784  -7.78215e-23  -2.11018e-05  7.00257e-06  -1.40993e-05  12.8589  301.487
786  -4.77889e-22  -2.0702e-05  6.56846e-06  -1.41336e-05  12.8656  301.488
788  2.87665e-22  -2.03529e-05  6.18517e-06  -1.41677e-05  12.8713  301.487
790  7.99814e-22  -2.0051e-05  5.84923e-06  -1.42017e-05  12.8764  301.484
792  1.45986e-22  -1.97934e-05  5.55784e-06  -1.42356e-05  12.8813  301.486
794  7.58414e-23  -1.95785e-05  5.30923e-06  -1.42692e-05  12.8863  301.489
796  -3.51842e-22  -1.94059e-05  5.10314e-06  -1.43028e-05  12.8914  301.49
798  1.63872e-22  -1.92774e-05  4.94119e-06  -1.43362e-05  12.8966  301.488
800  1.31531e-22  -1.91964e-05  4.8269e-06  -1.43695e-05  12.9018  301.484
802  4.45135e-22  -1.9168e-05  4.76527e-06  -1.44028e-05  12.9068  301.478
804  -2.83896e-22  -1.91978e-05  4.76188e-06  -1.44359e-05  12.9116  301.473
806  -7.33815e-23  -1.92907e-05  4.82174e-06  -1.4469e-05  12.9156  301.472
808  -8.42927e-22  -1.945e-05  4.94812e-06  -1.45019e-05  12.9185  301.468
810  2.481e-22  -1.96764e-05  5.14173e-06  -1.45347e-05  12.9198  301.463
812  -8.90506e-22  -1.99678e-05  5.4005e-06  -1.45673e-05  12.9189  301.455
814  -3.24152e-23  -2.03198e-05  5.71998e-06  -1.45998e-05  12.9155  301.448
816  -5.60271e-22  -2.07265e-05  6.09433e-06  -1.46322e-05  12.9096  301.453
818  -6.48498e-22  -2.11821e-05  6.51751e-06  -1.46646e-05  12.9012  301.457
820  2.3301e-22  -2.16814e-05  6.9844e-06  -1.4697e-05  12.893  301.459
822  4.67586e-23  -2.22207e-05  7.49138e-06  -1.47293e-05  12.8963  301.458
824  7.14749e-23  -2.27978e-05  8.03621e-06  -1.47616e-05  12.899  301.455
826  1.70132e-22  -2.34111e-05  8.61728e-06  -1.47938e-05  12.9015  301.453
828  6.87108e-22  -2.40581e-05  9.2323e-06  -1.48258e-05  12.9039  301.45
830  8.8821e-24  -2.47345e-05  9.87701e-06  -1.48575e-05  12.9062  301.445
832  2.2961e-22  -2.54333e-05  1.05443e-05  -1.48891e-05  12.9081  301.438
834  -3.77627e-24  -2.61442e-05  1.12239e-05  -1.49204e-05  12.9094  301.435
836  -4.226e-22  -2.6855e-05  1.19035e-05  -1.49515e-05  12.9098  301.434
838  3.95563e-22  -2.75526e-05  1.25701e-05  -1.49825e-05  12.9093  301.431
840  -7.17806e-22  -2.82256e-05  1.32122e-05  -1.50134e-05  12.9077  301.426
842  8.35194e-22  -2.88662e-05  1.38218e-05  -1.50444e-05  12.9051  301.42
844  -4.2447e-22  -2.94709e-05  1.43956e-05  -1.50753e-05  12.9014  301.424
846  1.90868e-23  -3.00414e-05  1.4935e-05  -1.51063e-05  12.8969  301.428
848  1.59112e-22  -3.0583e-05  1.54457e-05  -1.51373e-05  12.8915  301.429
850  -4.26499e-22  -3.11036e-05  1.59354e-05  -1.51682e-05  12.8852  301.428
852  8.48207e-22  -3.1611e-05  1.6412e-05  -1.5199e-05  12.8779  301.424
854  6.6947e-23  -3.21113e-05  1.68816e-05  -1.52297e-05  12.8698  301.419
856  2.0577e-22  -3.2608e-05  1.73478e-05  -1.52602e-05  12.8606  301.417
858  1.23155e-22  -3.31014e-05  1.78109e-05  -1.52905e-05  12.8504  301.414
860  1.7339e-22  -3.35898e-05  1.82691e-05  -1.53207e-05  12.8537  301.409
862  -1.20606e-22  -3.40703e-05  1.87194e-05  -1.53509e-05  12.858  301.401
864  5.56928e-22  -3.454e-05  1.9159e-05  -1.5381e-05  12.8616  301.398
866  3.40172e-22  -3.49963e-05  1.95851e-05  -1.54112e-05  12.864  301.398
868  -2.87094e-23  -3.54365e-05  1.99953e-05  -1.54412e-05  12.865  301.396
870  -2.11951e-23  -3.58568e-05  2.03856e-05  -1.54712e-05  12.864  301.393
872  1.42526e-22  -3.62509e-05  2.07498e-05  -1.55011e-05  12.8602  301.392
874  8.87503e-23  -3.66085e-05  2.10777e-05  -1.55308e-05  12.8534  301.395
876  8.69858e-23  -3.69152e-05  2.13548e-05  -1.55604e-05  12.8432  301.397
878  1.40128e-22  -3.71527e-05  2.15628e-05  -1.55899e-05  12.8301  301.396
880  -3.8562e-23  -3.73005e-05  2.16811e-05  -1.56193e-05  12.8147  301.394
882  3.70263e-22  -3.73379e-05  2.16891e-05  -1.56488e-05  12.7978  301.389
884  -2.3306e-22  -3.72463e-05  2.15679e-05  -1.56783e-05  12.7805  301.383
886  -3.27291e-22  -3.7011e-05  2.13031e-05  -1.57079e-05  12.7635  301.382
888  3.36264e-22  -3.66228e-05  2.08854e-05  -1.57374e-05  12.7474  301.379
890  4.74663e-22  -3.60784e-05  2.03115e-05  -1.57669e-05  12.7319  301.375
892  -4.602e-22  -3.53804e-05  1.95841e-05  -1.57963e-05  12.7166  301.369
894  2.95103e-22  -3.45374e-05  1.87118e-05  -1.58256e-05  12.7007  301.364
896  -5.30122e-22  -3.35633e-05  1.77085e-05  -1.58548e-05  12.6955  301.363
898  1.82901e-22  -3.24773e-05  1.65934e-05  -1.58838e-05  12.6931  301.363
900  6.03656e-23  -3.13036e-05  1.53909e-05  -1.59127e-05  12.6885  301.366
902  -2.56436e-22  -3.0071e-05  1.41295e-05  -1.59415e-05  12.6818  301.368
904  -6.63183e-22  -2.8812e-05  1.28418e-05  -1.59702e-05  12.6732  301.367
906  -2.93417e-22  -2.75606e-05  1.15617e-05  -1.59988e-05  12.6632  301.364
908  -1.97038e-22  -2.63507e-05  1.03233e-05  -1.60274e-05  12.6526  301.363
910  1.48781e-23  -2.52132e-05  9.15731e-06  -1.60559e-05  12.6417  301.36
912  3.30913e-22  -2.41738e-05  8.08947e-06  -1.60843e-05  12.631  301.356
914  1.4002e-22  -2.32509e-05  7.13825e-06  -1.61127e-05  12.6207  301.349
916  4.35954e-22  -2.24552e-05  6.31418e-06  -1.6141e-05  12.6106  301.349
918  -4.81934e-22  -2.17894e-05  5.62003e-06  -1.61693e-05  12.6008  301.347
920  5.1194e-22  -2.12496e-05  5.05195e-06  -1.61977e-05  12.5906  301.344
922  -3.60685e-22  -2.08274e-05  4.60134e-06  -1.6226e-05  12.5797  301.339
924  4.54889e-22  -2.05112e-05  4.2568e-06  -1.62544e-05  12.5674  301.333
926  -4.06315e-22  -2.02888e-05  4.00609e-06  -1.62827e-05  12.5532  301.334
928  4.67856e-22  -2.01486e-05  3.83753e-06  -1.63111e-05  12.5365  301.338
930  7.52646e-22  -2.00803e-05  3.74089e-06  -1.63394e-05  12.5214  301.34
932  -8.01647e-23  -2.00755e-05  3.70783e-06  -1.63676e-05  12.5162  301.339
934  4.79992e-22  -2.01276e-05  3.73185e-06  -1.63958e-05  12.5086  301.337
936  7.51494e-22  -2.0232e-05  3.80814e-06  -1.64238e-05  12.4991  301.333
938  3.16048e-22  -2.0385e-05  3.9332e-06  -1.64518e-05  12.488  301.331
940  7.117e-22  -2.05843e-05  4.10464e-06  -1.64796e-05  12.4753  301.329
942  6.16513e-22  -2.08283e-05  4.32093e-06  -1.65073e-05  12.4611  301.325
944  -1.63195e-22  -2.11162e-05  4.58125e-06  -1.6535e-05  12.4451  301.322
946  -7.98506e-22  -2.1448e-05  4.88542e-06  -1.65626e-05  12.4274  301.319
948  2.87846e-22  -2.1824e-05  5.23379e-06  -1.65902e-05  12.4079  301.317
950  -3.1667e-22  -2.22448e-05  5.62702e-06  -1.66177e-05  12.387  301.314
952  5.05213e-23  -2.27111e-05  6.06581e-06  -1.66452e-05  12.3652  301.311
954  1.58617e-22  -2.32232e-05  6.55047e-06  -1.66727e-05  12.3431  301.309
956  3.33821e-22  -2.37805e-05  7.08038e-06  -1.67001e-05  12.3213  301.307
958  3.6775e-22  -2.4381e-05  7.65349e-06  -1.67275e-05  12.3001  301.31
960  2.50237e-22  -2.50208e-05  8.26597e-06  -1.67549e-05  12.2794  301.311
962  -7.33491e-23  -2.56943e-05  8.91207e-06  -1.67822e-05  12.2587  301.31
964  -8.79015e-24  -2.63941e-05  9.58445e-06  -1.68096e-05  12.2456  301.308
966  4.80132e-22  -2.71118e-05  1.02748e-05  -1.68371e-05  12.2383  301.303
968  -3.08839e-22  -2.78391e-05  1.09746e-05  -1.68645e-05  12.2286  301.3
970  -8.82356e-22  -2.8568e-05  1.1676e-05  -1.68919e-05  12.2161  301.299
972  -1.9054e-22  -2.92919e-05  1.23726e-05  -1.69193e-05  12.2007  301.296
974  1.20345e-22  -3.00058e-05  1.30591e-05  -1.69467e-05  12.1826  301.294
976  -3.35524e-22  -3.07055e-05  1.37315e-05  -1.6974e-05  12.162  301.294
978  -2.8931e-22  -3.13872e-05  1.43859e-05  -1.70012e-05  12.1395  301.293
980  7.41295e-22  -3.20465e-05  1.50181e-05  -1.70284e-05  12.1154  301.291
982  4.75201e-22  -3.26782e-05  1.56226e-05  -1.70555e-05  12.0902  301.288
984  3.27054e-22  -3.32754e-05  1.61928e-05  -1.70826e-05  12.0641  301.286
986  3.15038e-22  -3.38307e-05  1.67211e-05  -1.71096e-05  12.0374  301.283
988  -7.88384e-22  -3.43369e-05  1.72004e-05  -1.71365e-05  12.0103  301.283
990  -5.66456e-23  -3.47884e-05  1.7625e-05  -1.71634e-05  11.9832  301.282
992  -5.69256e-22  -3.51826e-05  1.79922e-05  -1.71903e-05  11.9563  301.281
994  -3.01548e-22  -3.55205e-05  1.83032e-05  -1.72173e-05  11.9299  301.279
996  2.00847e-22  -3.58068e-05  1.85626e-05  -1.72442e-05  11.9058  301.275
998  2.62632e-23  -3.60495e-05  1.87783e-05  -1.72713e-05  11.8944  301.27
1000  2.0814e-22  -3.62576e-05  1.89594e-05  -1.72983e-05  11.8829  301.27
