Purely diffusive heat flux (at reference density) 1137.06767218
Time =  80

Heat flux: [[ -90133.99361813  -71860.90611042  -61111.13669546 ...,   -4271.88208427
   -57303.26852168  -13296.56957343]
 [ -40188.56227662   17660.78860567  -44786.30115099 ...,  -45947.68763463
   -42763.99252993  -42543.83969268]
 [  75773.71573086   72259.08850515  164928.39347302 ...,    6655.67711875
    63979.71076662   -5274.7990498 ]
 ..., 
 [ -31930.99807209  -94551.0919562  -141555.50186485 ...,  -55275.74498106
    -1210.5549641   -17997.15007239]
 [-138023.63524433 -138411.95183076 -142260.19982778 ...,  -57257.54398646
   -73331.9132035   -18978.05182859]
 [-158705.05692636 -230258.55510002 -262156.19860615 ...,  -99839.86869196
   -62048.35829595  -49111.04205659]]
Horizontally averaged heat flux profile:  [-11211.11311584 -13342.63184441  -3324.13276159   3113.16070231
   -517.74365555   2790.45333187   6883.40492122  -3823.15904541
 -12497.04255769  -9037.92991986  -8934.53229989  -7914.17815104
  -1174.10049216   1697.89948643    180.891213    -1549.94532869
  -3946.14187386  -3313.75423132   2497.76945157   5434.28143446
   -743.55178604 -10221.32443993  -9234.56609342  -3256.81851082
  -8871.71798287  -9505.26927641   5103.16719956   9368.55958027
   2090.27977386   -152.8363358   -5718.33126295 -10458.76297604
  -3816.28837217  -1609.81084613  -2418.14887644    345.16748423
    376.3187202    1803.72238175     27.96519622  -4433.83102614
  -2454.78185914  -7490.15359042 -17785.58311655 -11943.44242333
   2004.62367342   1843.79206446 -18424.90377673 -26179.41347965
 -12640.31627922  -6758.90567891  -4197.24407808  -3836.64139576]
Ratio of heat flux : diffusive heat flux [ -9.85967097 -11.73424605  -2.92342562   2.73788516  -0.45533232
   2.4540785    6.05364579  -3.36229684 -10.99058822  -7.94845385
  -7.85752029  -6.96016459  -1.0325687    1.49322642   0.15908571
  -1.36310737  -3.47045472  -2.91429817   2.19667616   4.7792067
  -0.65392043  -8.98919624  -8.12138654  -2.86422575  -7.80227791
  -8.35945785   4.48800658   8.2392278    1.83830727  -0.1344127
  -5.02901578  -9.19801278  -3.3562544   -1.41575641  -2.12665344
   0.30355932   0.33095543   1.58629291   0.02459414  -3.89935545
  -2.1588705   -6.58725402 -15.64162235 -10.50372174   1.76297658
   1.62153239 -16.20387619 -23.02361954 -11.11659102  -5.94415429
  -3.69128785  -3.37415397]
Max. ratio:  8.23922780454 Min. ratio:  -23.0236195437

Time =  81

Heat flux: [[ 119175.37116813   82061.54883963  119115.07997932 ...,  172997.76076653
    86297.82756269  102052.45304427]
 [ 198442.78238135  253212.06723656  231604.38221757 ...,  193577.47403252
    91904.1245267    42935.54680021]
 [  85339.13926492   95532.95772477  233927.23901954 ...,  314532.44837469
    78850.14901276  140915.74823523]
 ..., 
 [ -67325.32875967  -79028.56015073 -100325.31444995 ..., -196968.73512895
   -33462.52622518  -99654.75427033]
 [ -58280.58600906  -78635.28793762  -93714.45411947 ..., -127322.36545285
   -25787.73758111  -56151.25749386]
 [  49939.15320207   83359.92481383   96470.66155894 ...,   92487.9677853
    15255.44566473   39335.83427545]]
Horizontally averaged heat flux profile:  [  5571.49721873   9556.82598348   9191.50366352   1631.93390594
  -4350.9128846    1367.74196606  13585.82386616  10444.25035614
    582.49018957   3946.14248516   6281.63323411   1371.59473578
   1588.09048449   2456.55953535   4898.57269366   2155.4840383
  -4776.72487948   -287.48534534   6724.49132505   4866.82747178
    424.46152308   -932.94476856  -6035.47348828  -6626.61191573
   1651.818964    -1936.46084576  -6758.09701785  -7709.04287067
 -11673.67372005  -4548.65770634    218.68587275  -5254.88943914
 -11729.31909644 -16076.46387209 -10549.49033548  -3904.50442859
    762.68723879   3651.24411095  -5212.91815473  -1820.63865829
  16809.60019496  18482.73763662  11457.99674703    357.13429028
  -7067.0414098    7323.38118942  12344.00347934   6797.32185511
  16239.08477337  12442.05009525   2590.53144922    267.48538736]
Ratio of heat flux : diffusive heat flux [  4.89988182   8.40479966   8.08351507   1.43521265  -3.82643267
   1.20286769  11.94812252   9.18524958   0.51227399   3.47045526
   5.52441459   1.20625603   1.39665433   2.16043389   4.3080749
   1.8956515   -4.20091521  -0.25283046   5.91388841   4.2801564
   0.37329486  -0.82048306  -5.30792813  -5.82780786   1.45270067
  -1.70303043  -5.94344311  -6.77975732 -10.26647227  -4.00034036
   0.19232441  -4.62143949 -10.31540988 -14.13852866  -9.27780342
  -3.43383646   0.67074921   3.21110537  -4.58452763  -1.60117001
  14.78328916  16.25473847  10.07679404   0.31408358  -6.21514584
   6.44058517  10.85599721   5.97793959  14.28154645  10.94222481
   2.27825618   0.2352414 ]
Max. ratio:  16.2547384723 Min. ratio:  -14.1385286605

Time =  82

Heat flux: [[ 397562.91326813  478324.76409147  399282.09231032 ...,  110357.53163739
   163083.8167994    41807.89712681]
 [ 317182.10662953  483561.21768568  404285.15787294 ...,  225989.02561706
    82932.27772876  143915.27845794]
 [ 379289.36026183  499653.71146853  509213.50644851 ...,  332608.47714548
   169155.0343579   143038.28697355]
 ..., 
 [-202496.81210834 -212843.41081446 -220898.11945729 ..., -264822.56633046
   -95693.39477827 -124676.7509444 ]
 [  97324.98934809   37789.88563224   -3341.87723719 ...,  -13780.47130434
    69595.29604174   -1007.31471152]
 [  92338.66731814   91836.83867767  107207.20262254 ...,   90461.9465122
    53485.28293598   53028.14521514]]
Horizontally averaged heat flux profile:  [  7282.09814703   8100.25276631   1723.39112878   8476.9000058
  22607.38110757  18882.23449663  11873.73476616  13205.9930802
  19744.86755838  30226.77089048  29413.1169001   17185.09709577
   8181.87072641  10948.23834373  15516.4689429   19228.44624788
  23997.41692481  18226.52843627   2093.84238172  -9251.17953174
  -4164.84431709  10877.87693431  13835.01358235   5870.86070562
    111.49944127  -3446.35645055   -373.89435396   4594.61653538
   6493.26080978  10582.73735339  14057.97528073  16914.97055034
   4754.37349373 -11683.11105131   5574.72518803  16754.09348514
   5053.75096056  19558.50987825  34575.69646019  25214.38733542
  21879.63552064  25365.36037298  25442.19487017  22622.23006602
  18473.18819509  28674.45979231  41517.04712263  25819.6908968
   5301.27275323   9397.75872498   1152.69120706   8317.22680649]
Ratio of heat flux : diffusive heat flux [  6.40427859   7.12380887   1.51564517   7.45505322  19.88217734
  16.60607804  10.44241698  11.61407839  17.36472511  26.58308879
  25.86751661  15.11352184   7.1955882    9.6284844   13.64603825
  16.91055574  21.10465147  16.02941398   1.84144043  -8.13599732
  -3.66279371   9.5666047   12.1672737    5.16315858   0.09805876
  -3.03091587  -0.32882331   4.04075909   5.71053154   9.30704268
  12.36335851  14.87595766   4.18125817 -10.27477197   4.90272068
  14.7344735    4.44454722  17.20083189  30.4077737   22.17492235
  19.24215775  22.30769636  22.37526885  19.89523633  16.24634017
  25.21790083  36.51238017  22.70725967   4.66223153   8.26490714
   1.0137402    7.3146278 ]
Max. ratio:  36.5123801674 Min. ratio:  -10.2747719746

Time =  83

Heat flux: [[ 193589.97186761  239176.51434996  362029.52948167 ...,  288949.99548517
   113379.93199097  142909.87986879]
 [ 355851.52503774  423370.67961257  431922.5406751  ...,  234084.98575198
   167169.52674778   83766.16275964]
 [ 359823.1501157   427613.1395313   492563.98829294 ...,  413403.65715222
   165119.97884665  202192.47050815]
 ..., 
 [-145670.45365184 -147123.27103257 -108137.90318751 ..., -135819.97592196
   -70097.6127886   -81154.74423208]
 [ 146304.5787508   146544.08093809  132151.63258266 ...,  -19339.02416786
    73885.3312025   -11155.80314814]
 [ 142575.2124383   165837.38046853  175570.46120111 ...,   73733.40752444
    70736.59759513   48360.36560961]]
Horizontally averaged heat flux profile:  [ 24917.5986449   18015.83869698  21410.07494902  26061.46617804
  31453.31846164  31910.54054488  15258.93048777  10796.47976938
  23468.35244904  23027.89830996  15105.20840618  13520.03263059
  14613.42117747   8582.30330482  -4858.3689709   -7720.38802657
   2962.47420887   2455.46999039  -2135.40821667   5157.90256147
  10716.06555109  -2023.79953236 -14163.22401735   1503.34663366
  11498.57408118   3564.61370761  12216.32300031  21997.50577859
  17098.60070106   7569.38687973  -2893.30593295   7943.9495601
  31444.36630053  26793.60985128  13455.04808247  13771.66089955
   3630.55647939  -6316.62886936   4737.23079759  20099.90186885
  22030.13459269   7010.04413154  -5891.51259655  -4174.43105649
    705.50386086   2550.45343675   2390.54435642   7028.95161161
   4889.7009489   -2792.77080562  16199.87847313  -1612.52043763]
Ratio of heat flux : diffusive heat flux [ 21.91391001  15.8441218   18.8292003   22.91989018  27.66178235
  28.06388865  13.41954473   9.49501954  20.63936301  20.25200335
  13.28435306  11.89026208  12.85184825   7.54775069  -4.27271753
  -6.78973487   2.60536315   2.15947569  -1.87799572   4.53614388
   9.42429885  -1.77984089 -12.45592005   1.32212591  10.11247999
   3.13491782  10.74370796  19.34581935  15.03745214   6.65693614
  -2.54453275   6.98634721  27.65390932  23.56377769  11.83311109
  12.11155786   3.19291153  -5.55519168   4.16618194  17.67696186
  19.37451493   6.16501929  -5.18132099  -3.67122482   0.62045899
   2.24300936   2.1023765    6.18164757   4.30027259  -2.45611662
  14.24706626  -1.41813937]
Max. ratio:  28.0638886547 Min. ratio:  -12.4559200511

Time =  84

Heat flux: [[  85706.08711599   43216.78537686  118637.34326699 ...,  271494.61004684
    82218.90304242   91475.86488187]
 [ -16858.02225633   40798.003069    266986.22066183 ...,  256594.335627
    39393.52765508  125057.77709542]
 [ 224553.06818867  280018.15170565  326147.69321585 ...,  105242.86759243
   102089.27030761  100064.76082069]
 ..., 
 [  29615.38959995    8594.66366959   18506.88777265 ...,  -50234.586751
    31495.81334952  -18671.28158328]
 [ 133731.60655017  151017.58619047  154554.1049724  ...,   72018.08180951
    64124.45094437   55444.28094164]
 [ 127467.32337396   91907.2531645    92542.11611623 ...,  141144.29169238
    78621.86584765   61179.05359894]]
Horizontally averaged heat flux profile:  [-17245.20528171  -9481.49178683   5621.63097959   3429.28261942
 -14079.19719886 -16726.13192417  -3582.04878175   3655.77540872
   2634.37064723   2770.07934298   7126.94395129   3945.95683553
   4268.66192208  20620.3983518   33146.17409728  36375.82499371
  24931.91539488  14851.70484504  30323.79397743  37617.33837672
  26147.20540243  22995.26049505  18995.75891451  20772.10652267
  30456.70003511  21825.91133178   6037.75439793  -3457.90684547
  -8323.01806321    933.62858078   9070.16923832  -1819.02842083
 -12693.01965489  -8095.61389689  -1633.52374405  -2344.81850496
  -7368.77128574 -12569.94747012 -11803.4421394   -6951.80431202
 -12032.1660165  -18205.65005037  -4504.48196158  11615.45436868
  10145.17106864    220.61780479   4457.4729487   11606.7970484
  11125.8164628   10333.29587816  -8948.4384254    4127.13679707]
Ratio of heat flux : diffusive heat flux [-15.16638429  -8.33854661   4.94397222   3.0159002  -12.38202223
 -14.70988256  -3.15025119   3.21509045   2.31681079   2.43616049
   6.26782744   3.47029199   3.75409664  18.13471516  29.15057292
  31.99090598  21.92650095  13.06140805  26.66841624  33.0827613
  22.99529398  20.22329986  16.70591767  18.26813569  26.78530116
  19.19490974   5.30993409  -3.04107392  -7.31972095   0.82108445
   7.97680689  -1.59975388 -11.16294128  -7.11972919  -1.43661084
  -2.06216267  -6.48050373 -11.05470481 -10.38059777  -6.11379998
 -10.58175016 -16.01105237  -3.96148978  10.21527096   8.92222276
   0.19402346   3.92014746  10.20765723   9.78465639   9.08767009
  -7.8697501    3.62963164]
Max. ratio:  33.0827612965 Min. ratio:  -16.0110523725

Time =  85

Heat flux: [[ 117347.78169134   67242.90328756  169721.44248894 ...,   36772.58155558
   140388.49622096   10656.79408724]
 [  91103.75391507   15536.60969743 -141081.38081727 ...,  111787.1952398
     7408.02384221   55062.14163079]
 [ 145079.52015187  303164.82784656  268365.52818682 ...,   41856.86090031
    -6067.88565452    1867.18460111]
 ..., 
 [ -43640.23161344  -39287.82159258  -62514.23665994 ...,  -88575.72907765
   -24858.33316332  -11008.70814741]
 [  57202.64660665   22205.66257033  -18417.2441805  ...,  133456.29188708
    37841.795615     69224.56764307]
 [ 100301.65706832  145123.74518864  124144.75614902 ...,   41581.18769314
    30701.64104045   29996.97776122]]
Horizontally averaged heat flux profile:  [-10164.72195434 -15425.85276044 -13635.57820709  -5904.64192955
 -11029.83003962 -23468.27108292 -19361.55610703  -1796.47759955
   7693.20913534   4644.22245379   -853.12513431  -9021.78243097
  -8935.8613948    5994.39483065   8206.21101206   2434.02423755
   3918.39086442   2014.36807563   5717.1239839   10924.30752612
  11881.35614143  16197.4050421    6520.82382349  -9752.57706697
   2310.16266462  18688.30984902  13072.3462456    7860.68444235
  12042.60191202  10986.25013124   -573.5357788   -4746.7007445
   9000.79036008  20493.36344615  16111.35169702   5303.72577134
    -32.84409779  -6817.75709647 -11860.43239938  -7908.86186995
    388.91516278   8138.64185658    117.34178679 -14196.06741694
 -25399.87354708 -18993.81976142  -3938.25051175 -16526.91473333
 -24745.43845352 -16148.48619572  -3848.6953447   -6742.56957191]
Ratio of heat flux : diffusive heat flux [ -8.93941689 -13.56634538 -11.99187924  -5.19286765  -9.70024064
 -20.63929145 -17.02761989  -1.57992144   6.76583226   4.08438527
  -0.75028528  -7.93425286  -7.85868916   5.2718013    7.21699439
   2.14061511   3.44604896   1.77154634   5.02795403   9.60743832
  10.44911964  14.24489099   5.73477198  -8.57695395   2.03168441
  16.43553001  11.496542     6.91311928  10.59092806   9.66191406
  -0.50439898  -4.17451033   7.91579128  18.02299366  14.16921094
   4.66438885  -0.02888491  -5.99591147 -10.43071814  -6.95548916
   0.34203344   7.15757035   0.10319684 -12.48480435 -22.33804915
 -16.70421227  -3.46351462 -14.53467998 -21.76250285 -14.20186906
  -3.38475487  -5.92978741]
Max. ratio:  18.0229936595 Min. ratio:  -22.3380491492

Time =  86

Heat flux: [[ -74090.7290582   -25503.3825278  -210026.66887977 ..., -186129.65097836
   -90942.11994243  -43839.05203321]
 [-186061.82482007 -242022.97276977  -21782.74927869 ...,    1958.65089751
   -20126.79281607  -31016.7155281 ]
 [  21257.17953616   74028.45917492  153800.5095216  ..., -226010.9289187
    21780.69872781 -120678.81155286]
 ..., 
 [  16172.5654794    49097.69113692   35861.72259625 ...,   18379.39373711
      327.34572117    2245.02574867]
 [ -96862.17183225 -140343.3987798  -128014.96319988 ..., -103773.51212401
   -32347.47744982  -41405.93110377]
 [ -43757.1131401   -26723.19793721  -40458.60166865 ...,  -48465.4210725
   -23036.91991386  -50271.62951836]]
Horizontally averaged heat flux profile:  [  7780.87227607   9655.5909009   11566.09730349  12021.22129851
   8521.48990077  -1861.85323387 -11451.84754321  -2173.08824246
   6124.9363934   -3661.94231605   5977.6639732   21930.2143502
   3447.17991067 -14507.95636003  -6880.26064008   -294.37981233
  -3040.6220039  -13060.67304544 -19341.00033442  -4208.4321821
  11749.43209169  10410.30041997   2814.06974332    935.18649274
   3518.94910606  -1443.97264422 -13477.45491838 -10996.53945521
   3341.12532588   6362.47637622    -27.98637561    323.67092584
   7843.16146219   7704.74999127   3551.7092764   11388.59385687
   2781.54698031 -14914.21076525 -11634.86952919 -11740.82536403
  -5400.1386203    4430.92283575   1323.20133623   1192.2475627
   -680.44452704   2027.94441971   5100.63733475 -11499.10942097
 -19686.31141714  -3975.68786003   2764.47476683   2998.93019416]
Ratio of heat flux : diffusive heat flux [  6.84292806   8.49165897  10.17186363  10.57212477   7.49426803
  -1.63741638 -10.0713861   -1.91113361   5.38660675  -3.22051396
   5.25708726  19.28663956   3.03164006 -12.75909668  -6.05088053
  -0.25889384  -2.67409063 -11.48627594 -17.00954201  -3.70112728
  10.33309835   9.15539213   2.47484808   0.82245456   3.09475785
  -1.26990915 -11.8528169   -9.67096306   2.93836982   5.5955125
  -0.02461276   0.28465406   6.8977086    6.77598192   3.12356895
  10.01575732   2.44624577 -13.1163792  -10.23234572 -10.32552912
  -4.74917962   3.89679783   1.16369621   1.04852824  -0.59842043
   1.78348613   4.48578168 -10.1129508  -17.31322761  -3.49643909
   2.43123152   2.63742455]
Max. ratio:  19.2866395614 Min. ratio:  -17.3132276106

Time =  87

Heat flux: [[ -1.63348242e+05  -1.09989804e+05  -1.63073469e+05 ...,  -2.24453576e+05
   -1.28727871e+05  -9.42477349e+04]
 [ -6.05537307e+04  -4.88535790e+04  -2.39649263e+05 ...,   1.62757949e+02
   -6.45760990e+04  -4.77427515e+04]
 [ -7.67500547e+04  -1.44113512e+05  -3.07873334e+04 ...,  -2.47901885e+04
    5.96492629e+03   1.86271876e+03]
 ..., 
 [  3.60955678e+04  -1.99778827e+04  -2.67824551e+04 ...,   6.22889419e+04
    3.83037271e+04   1.80048921e+04]
 [ -1.19987481e+05  -1.72606964e+05  -2.26373383e+05 ...,  -5.63702263e+04
   -5.31093000e+04  -1.94243111e+04]
 [ -1.85629472e+05  -1.84526385e+05  -1.72661397e+05 ...,  -1.52513752e+05
   -9.78815615e+04  -8.17683700e+04]]
Horizontally averaged heat flux profile:  [ 10566.91577207  10633.97107564  13655.22726265  11376.00307015
   7322.60782641   8658.36734568   4695.66283027  -4317.6617905
  -3333.99359729    397.98878449  -2533.36797968  -4101.91030151
  -3902.78821429  -1581.77710064  -1594.32390418 -10981.81546261
 -20505.61600668 -13147.79896273   7869.48630699  14066.2075739
  -1957.75040794 -14211.12108425 -12601.24104476 -11419.69424135
  -6878.41482639  -3864.25385439  -9691.66368037  -6467.09889312
  -5609.52484023 -10473.41045379  -8595.98286562 -16979.28353632
 -10781.87318875   4314.08383761   4168.14447817   7703.34432207
  -1923.38030812  -8519.63636962   1856.72187389   3623.29596773
  10883.53069912  24393.36558595  29172.5052063   25351.54367792
  13907.86037361   8862.90820519   9231.4782665    6970.27646248
   2082.25927955   5789.81311308   6115.0077216    6237.74664326]
Ratio of heat flux : diffusive heat flux [  9.29312831   9.35210044  12.0091597   10.00468428   6.43990503
   7.6146456    4.12962478  -3.79718982  -2.93209778   0.35001328
  -2.22798347  -3.60744607  -3.43232713  -1.39110199  -1.40213634
  -9.65801397 -18.03376924 -11.56289928   6.92086012  12.37059844
  -1.72175364 -12.49804337 -11.08222611 -10.04310871  -6.04925722
  -3.39843788  -8.52338336  -5.68752331  -4.93332541  -9.21089458
  -7.55978125 -14.93251805  -9.48217371   3.79404317   3.66569605
   6.7747457   -1.69152668  -7.49263793   1.63290358   3.18652623
   9.57157693  21.45287056  25.65590942  22.2955452   12.23133918
   7.79453011   8.11867094   6.13004541   1.83125361   5.09188086
   5.37787492   5.4858183 ]
Max. ratio:  25.6559094239 Min. ratio:  -18.0337692368

Time =  88

Heat flux: [[-199656.46691445 -207628.0524031  -332192.36295784 ..., -282270.4973544
  -116348.05585926 -151303.49535718]
 [-231229.7450944  -242893.23756513 -371290.08030773 ..., -246253.76749119
  -138515.87179041  -76986.28461695]
 [-105348.30832304 -152677.91413719 -253990.33894188 ...,  -46737.63892786
   -53812.34410146  -62685.60799804]
 ..., 
 [-131963.56471425  -70209.86105032   30723.34819191 ...,  -13115.11687707
   -95698.83932962  -15406.5427827 ]
 [ -90544.05997939 -224944.37399138 -284521.81336351 ..., -152580.23838399
   -11338.93071551  -61863.95546008]
 [-250103.0531022  -261493.3172528  -291077.44173741 ..., -205737.9976682
  -127158.64850173  -78746.14312351]]
Horizontally averaged heat flux profile:  [ -8748.36683327  -3494.07146325 -11192.85885617  -4905.33738008
   2138.85307529  -5102.7022228   -5083.63606976   2274.92060456
   3990.6709197   16801.10920638  25407.84867277   9812.85010078
    944.17317439  15466.96062869  25688.55945978  16667.44571955
   9822.6083744    6831.36945038   4625.93018014   9408.37815562
   7626.42216788   6302.0938474    8649.1202636    6876.16827974
  17771.78687721  17236.99597529   1940.93289877   4835.40445889
  -1045.4240779   -2561.12209467  11898.72168264  15265.33710797
  19258.49154662  15544.7501843    4695.65564092  11263.94815508
  18514.27620431   3940.93235878 -17197.23509991 -25675.70764474
 -19699.24305831  -7347.49833465  -4001.58232217  -4916.59227753
   2097.57678109  -9154.94564565 -24854.28235116 -20471.98902865
 -11981.46579425  -4682.6237024  -10812.06873608   -982.36352467]
Ratio of heat flux : diffusive heat flux [ -7.69379611  -3.07287908  -9.84361717  -4.31402413   1.88102531
  -4.48759766  -4.47082983   2.0006906    3.50961602  14.77582172
  22.34506291   8.62996138   0.83035794  13.60249791  22.59193546
  14.65827068   8.63854335   6.00788292   4.06829804   8.27424645
   6.70709612   5.54240878   7.60651321   6.04728148  15.62948918
  15.15916457   1.7069634    4.25252127  -0.91940357  -2.25239197
  10.46439185  13.42517906  16.93697923  13.67091033   4.12961845
   9.90613701  16.28247523   3.46587319 -15.12419667 -22.58063286
 -17.32460041  -6.46179512  -3.51921211  -4.32392231   1.84472467
  -8.05136393 -21.85822617 -18.00419582 -10.53716158  -4.11815745
  -9.50872934  -0.86394464]
Max. ratio:  22.5919354567 Min. ratio:  -22.580632862

Time =  89

Heat flux: [[-349166.36189173 -461198.61010703 -470260.07445169 ..., -421739.63161289
  -142214.50353485 -198647.66124137]
 [-309971.01043674 -350148.8243102  -274285.38595028 ..., -277750.85992044
  -101998.21135351 -211684.25854552]
 [-329241.52334375 -538174.09088264 -621775.72750505 ..., -279846.41125572
   -90772.30813832 -115386.0727063 ]
 ..., 
 [ 166938.85006632  191748.27812769  148501.48416506 ...,   17140.12883351
    51402.04205934   43832.91326129]
 [-131001.00903629 -168498.52318747 -169557.56721139 ...,  -41054.11643869
   -61674.06554171   -5807.69451086]
 [ -70655.40472097 -110161.20632705 -179232.16147477 ..., -201023.96464861
   -39609.86602076 -103782.23182714]]
Horizontally averaged heat flux profile:  [  8.45738596e+03   1.49432075e+04   1.51183932e+04   3.71696055e+03
   9.57416649e+03   1.40444516e+04   5.04258014e+03   2.66105280e+03
   6.61764370e+03   8.41607085e+03   1.39880479e+04   1.63144670e+04
   7.08963771e+03   5.19215147e+03   1.51586218e+04   1.43329079e+04
   1.20286628e+04   1.80642051e+04   2.40930875e+04   2.27619342e+04
   5.60018631e+03   8.39328417e+03   1.84991972e+04   1.08333134e+04
   1.90316660e+04   2.21761368e+04   1.71871899e+04   1.86162202e+04
   8.77605062e+03  -1.74667237e+03  -4.19188537e+03   6.18344292e+02
   1.46916325e+04   2.97827159e+04   3.33629116e+04   2.62471218e+04
   1.14904437e+04  -8.65659049e+03  -2.06054665e+03   2.18280198e+04
   1.74447247e+04   8.79035127e+03   7.00121840e+03   2.84935778e+03
   2.33461746e+03   9.61409788e+02   2.23320354e+03  -2.34250533e+03
  -8.65913292e+03  -4.60557527e+03   5.47702445e+03   3.03946643e+00]
Ratio of heat flux : diffusive heat flux [  7.43789148e+00   1.31418805e+01   1.32959485e+01   3.26890003e+00
   8.42004986e+00   1.23514650e+01   4.43472298e+00   2.34027654e+00
   5.81992071e+00   7.40155670e+00   1.23018605e+01   1.43478418e+01
   6.23501827e+00   4.56626426e+00   1.33313278e+01   1.26051494e+01
   1.05786693e+01   1.58866579e+01   2.11887894e+01   2.00180998e+01
   4.92511259e+00   7.38151684e+00   1.62692139e+01   9.52741308e+00
   1.67374964e+01   1.95029173e+01   1.51153624e+01   1.63721304e+01
   7.71814276e+00  -1.53611998e+00  -3.68657510e+00   5.43806061e-01
   1.29206316e+01   2.61925623e+01   2.93411839e+01   2.30831660e+01
   1.01053296e+01  -7.61308293e+00  -1.81215833e+00   1.91967640e+01
   1.53418526e+01   7.73071954e+00   6.15725746e+00   2.50588232e+00
   2.05319131e+00   8.45516772e-01   1.96400231e+00  -2.06012833e+00
  -7.61531888e+00  -4.05039681e+00   4.81679726e+00   2.67307435e-03]
Max. ratio:  29.3411838529 Min. ratio:  -7.61531888295

Time =  90

Heat flux: [[-270832.94112649 -294155.09506895 -205049.14737848 ..., -131173.14079493
  -120442.64429688  -69955.31528639]
 [-270259.85534315 -224594.20934623 -380813.13014048 ..., -284634.8678818
  -179927.5884688  -143093.97534928]
 [-498651.05494255 -412775.38515468 -495895.5328495  ..., -355694.38625102
  -331160.63304439 -105989.55020358]
 ..., 
 [ 383523.88187013  213329.28017295   85433.57929941 ...,  166482.69285352
   224513.57679757   76341.78250687]
 [  15547.60468694  -27087.06110899   10710.067722   ...,  122675.79111607
    28014.2250512    94165.44708318]
 [-192323.071963   -163001.11951584 -135158.72044897 ...,  -28047.98810248
  -103832.18146335  -17155.6738962 ]]
Horizontally averaged heat flux profile:  [   667.87435843   1060.42563945   8704.21888585   8246.38872863
  -3370.57513576  -8234.08265907  -2549.72730763   7924.13367192
  18546.93422618  23553.72718957  20908.48814243   5452.85324614
 -10215.18031637  -7283.65051886  -6687.90260482   -866.88154125
  19094.17005443  19647.87040788  15357.41070755  17127.74138783
  11430.80116496  14238.12872028  20620.8701223   16986.06467831
  16600.76293624  21230.9855142   17444.52306917  13254.8421566
  17139.43032008  12881.93914325   5189.40888997  11596.06932882
  24488.81762884  25288.63570188  11358.26291154   3363.51711264
   1603.03471899  -4799.95202047  -2995.56364336   3899.33762225
   6861.15709458    283.01018433  -9805.99309923  -6725.64245822
   1430.41398102   5272.71285117   2890.50961314  -3550.28543321
  -9698.79029793  -4675.24841817   1135.34710963   1456.71516422]
Ratio of heat flux : diffusive heat flux [  0.58736553   0.93259677   7.65496997   7.25232889  -2.9642696
  -7.24150625  -2.24237077   6.96892003  16.31119649  20.71444626
  18.3880772    4.79553977  -8.98379276  -6.40564383  -5.88171027
  -0.76238342  16.79246585  17.27942047  13.50615366  15.06308007
  10.05287675  12.52179538  18.13513006  14.93848176  14.59962616
  18.67169917  15.34167534  11.65703896  15.07335996  11.32908749
   4.56385228  10.19822269  21.53681635  22.24022046   9.98908261
   2.95806239   1.40979711  -4.22134244  -2.63446382   3.42929248
   6.03407982   0.24889476  -8.62393096  -5.91490078   1.25798492
   4.63711438   2.54207351  -3.12231675  -8.5296509   -4.11167122
   0.99848684   1.28111563]
Max. ratio:  22.2402204553 Min. ratio:  -8.98379275596

Time =  91

Heat flux: [[-224372.65284582 -251483.93025352 -234562.76445709 ..., -192717.80877972
  -105457.24121105  -45904.21520477]
 [-354423.27013288 -287940.6318016  -240174.77291902 ..., -221035.81378574
  -191879.21623998  -72369.45128678]
 [-289867.1587022  -251634.11995375 -338092.08668006 ..., -402228.67812738
  -186682.38931381 -179973.97662042]
 ..., 
 [ 313725.31469869  345547.73235185  309605.91270372 ...,  333400.75246279
   158653.11753956   95654.58742325]
 [ 149878.38223449  161925.22350093  177750.6301177  ...,  -76433.04244288
    76101.49620665  -22480.28809006]
 [  67225.40673319  135401.58454462   51685.7206093  ...,  -99480.85059021
     1030.73158476  -73677.44721022]]
Horizontally averaged heat flux profile:  [  2.89213920e+03   6.90590250e+03   1.17942936e+04   2.31841629e+03
  -4.66774273e+03   1.72036230e+03   9.81363099e+01  -3.75932202e+03
   3.79170165e+03   9.11965806e+03   2.32076356e+04   2.33268879e+04
  -3.79987452e+02  -2.36637193e+03   7.19039001e+03   1.08750910e+04
   1.55706167e+04   1.41100388e+04   1.06724637e+04   1.18055677e+04
   1.85750537e+04   1.16033985e+04  -7.10584529e+00   9.01479003e+03
   2.28511798e+04   2.60671543e+04   1.41415732e+04   1.51719311e+02
  -1.23479148e+04  -1.39650597e+04   9.63267785e+03   2.69427050e+04
   2.53367426e+04   1.85387632e+04   1.11596922e+04   7.12064528e+03
   5.45859999e+03   1.61123123e+04   2.20052133e+04   1.53649962e+04
   1.42872968e+04   9.46260493e+03   7.23514058e+03   1.36196946e+03
  -1.34835616e+04  -6.24848434e+03   2.33766614e+04   3.47944620e+04
   1.50234081e+04   1.87036863e+03   2.79190005e+03   2.00972518e+03]
Ratio of heat flux : diffusive heat flux [  2.54350666e+00   6.07343140e+00   1.03725520e+01   2.03894310e+00
  -4.10507030e+00   1.51298145e+00   8.63064814e-02  -3.30615505e+00
   3.33463147e+00   8.02033008e+00   2.04100742e+01   2.05149513e+01
  -3.34181915e-01  -2.08111794e+00   6.32362540e+00   9.56415462e+00
   1.36936587e+01   1.24091460e+01   9.38595297e+00   1.03824671e+01
   1.63359263e+01   1.02046683e+01  -6.24927211e-03   7.92810336e+00
   2.00965873e+01   2.29248927e+01   1.24368791e+01   1.33430327e-01
  -1.08594370e+01  -1.22816434e+01   8.47150797e+00   2.36949002e+01
   2.22825283e+01   1.63040105e+01   9.81444855e+00   6.26228804e+00
   4.80059378e+00   1.41700558e+01   1.93525977e+01   1.35128247e+01
   1.25650365e+01   8.32193647e+00   6.36298151e+00   1.19779104e+00
  -1.18581875e+01  -5.49526162e+00   2.05587249e+01   3.06001681e+01
   1.32124133e+01   1.64490529e+00   2.45535083e+00   1.76746313e+00]
Max. ratio:  30.600168142 Min. ratio:  -12.2816434213

Time =  92

Heat flux: [[-150374.99556282   24320.4606287  -116052.42200004 ..., -160617.63381512
  -167762.31408307  -74203.12064541]
 [ -56688.1351953   -52393.8598695  -171516.52831737 ..., -269897.49676783
   -24772.36404901 -139767.70363392]
 [ -86106.85336995   55471.80827608   70703.38597417 ..., -259773.34293147
   -91343.2505215  -125914.53830342]
 ..., 
 [  75366.43146868   88762.60293355   58428.61854787 ...,  230879.71302448
    19361.3234393   139598.32937675]
 [ -83866.47456292  -76202.08621821  -14303.35746143 ...,   53445.92196384
   -28956.35844416     518.09093489]
 [  58894.69113567  -42851.07548702  -30899.45196313 ..., -124818.03184735
    78220.87486485  -37252.59643687]]
Horizontally averaged heat flux profile:  [ -4011.55466651  -5205.30111287  -2788.26155562   2646.46446929
  10495.27805731   6771.97535291  -1110.20665182  -5382.32969672
 -11436.79354775  -8778.51944451  -1705.8601472    -740.60786414
   1347.99939752    156.64995754  -7285.30609719   5992.94789861
  36762.41725245  40082.17139308  18920.51974327  10751.0377169
   8622.58914206   5807.77369728   6732.77971419  16669.73013132
  34489.7378601   30091.31314697  15084.04932725  19669.97585611
  19049.78698526   1890.35492714  -3739.10032339  12797.67963217
  34378.10224381  27020.79272406   -321.4095362  -14794.72108953
  -5874.76591039  13911.88539719  18910.51155531  15880.43177703
  17533.66371111  15593.14815419  -1225.61591466 -18785.36003676
  -6592.22088778  26262.37266528  34502.05211479  12349.14698093
  -5005.15533008  -5937.72468002  -1086.90380277  -1486.73962119]
Ratio of heat flux : diffusive heat flux [ -3.52798234  -4.57782878  -2.45215094   2.32744676   9.23012615
   5.95564848  -0.97637694  -4.73351748 -10.05814678  -7.72031398
  -1.50022746  -0.65133139   1.18550499   0.13776661  -6.40709984
   5.27052879  32.33089653  35.25047134  16.63974819   9.4550553
   7.58318027   5.10767638   5.92117767  14.66027972  30.33217697
  26.46395978  13.2657446   17.29886122  16.75343293   1.66248234
  -3.28837097  11.25498503  30.23399845  23.76357484  -0.28266527
 -13.01129339  -5.16659303  12.23487901  16.63094644  13.96612723
  15.42007054  13.71347417  -1.07787421 -16.5208813   -5.79756249
  23.09657843  30.34300681  10.86052069  -4.40180954  -5.22196244
  -0.95588313  -1.30752079]
Max. ratio:  35.2504713429 Min. ratio:  -16.5208812953

Time =  93

Heat flux: [[-242882.30107221 -265547.18788662 -313263.66664495 ..., -179425.97618083
   -95980.70393283 -118055.41200518]
 [-306459.44567551 -378119.07794844 -435307.24339248 ..., -270052.54524445
  -150358.99475235  -30051.40543874]
 [-270195.69842867 -281859.69838213 -200787.06300258 ..., -176740.24772776
   -90384.68411014  -61421.49513859]
 ..., 
 [  66294.13525156  -89454.49322489 -180036.47427039 ...,   18344.83471259
    60272.0654919    44160.75487634]
 [-192858.90019112 -120567.3402284   -97103.96533668 ...,  -31352.57539034
  -121569.47360928  -47702.87175052]
 [-158187.87679218 -209017.49841106 -215128.89561335 ...,  -99602.36545395
   -68113.38498349   -4195.72138884]]
Horizontally averaged heat flux profile:  [-37755.56758706 -42727.90582308 -24624.03020325 -23205.30351002
 -28668.03129663 -20993.28823089  -6529.07210129 -17172.4112419
 -24337.15708788  11914.40391595  36206.50263194  19291.2732029
   2692.07060864  -1249.5502792    2664.28599615  13026.56574049
  28620.19420935  38675.01970949  42510.21804912  32531.10915402
  -1809.45752387 -14958.75418273  13784.78359906  45183.32641721
  49942.47477088  22230.31506473   7904.21176108  15172.08769085
  17776.99282678  30276.37513755  29201.99362467  14920.31597088
  11969.59230935   9265.79546936  -1662.15504086 -11780.81868159
  -9619.67904196   5901.64045895  19753.04916019   1099.99921037
 -25341.47321084 -16915.22945131  -4719.68767765 -24958.41280636
 -47384.66320995 -37622.89336282 -15791.12394872 -12458.62525067
 -19146.5609729  -13089.88819154  -9809.66085821  -2703.72911905]
Ratio of heat flux : diffusive heat flux [-33.20432768 -37.57727607 -21.65572974 -20.40802327 -25.21224725
 -18.46265508  -5.74202597 -15.1023652  -21.40343771  10.47818367
  31.84199456  16.96580923   2.36755531  -1.09892341   2.34311999
  11.4562801   25.17017668  34.01294457  37.38582944  28.6096509
  -1.59133671 -13.15555314  12.12309868  39.73670831  43.92216575
  19.55056467   6.9513996   13.34317039  15.63406758  26.6267135
  25.68184316  13.12174846  10.52671939   8.14885138  -1.46179078
 -10.36070145  -8.4600761    5.19022799  17.37192046   0.96739995
 -22.28668867 -14.87618535  -4.15075355 -21.94980424 -41.67268525
 -33.08764666 -13.887585   -10.95680192 -16.83854131 -11.51196935
  -8.62715659  -2.37780845]
Max. ratio:  43.9221657539 Min. ratio:  -41.6726852494

Time =  94

Heat flux: [[-176804.25046209 -193527.81247729 -446115.4866242  ..., -236497.76564645
  -136922.02279277 -117639.56991411]
 [-243040.40297374 -359376.60273535 -415267.04343984 ..., -384243.33737986
   -81730.10101741 -190881.94622291]
 [-218930.20433353 -115914.9440236  -195016.75610563 ...,  -61346.49967806
  -160990.74805297  -57359.82132145]
 ..., 
 [ 137649.17676028   90151.4822361   -38060.65189164 ...,   21679.14740483
    82128.23278563   28580.42215652]
 [-110677.92407319   -8431.01952091  -45014.27201687 ..., -193018.96994725
  -104671.22205969  -63462.24967776]
 [-333943.72702977 -344987.37449672 -324168.52643955 ..., -411072.03483618
  -178190.95536796 -166798.00892177]]
Horizontally averaged heat flux profile:  [-24155.51055964 -13191.80176873 -10811.89745962 -22623.53382782
 -17984.67713794   3735.2204276   10003.53016619 -11130.83532578
 -23305.82025404 -18386.18743164 -24382.88543542 -25781.03235394
  -4215.9671075   21464.59188169  31229.04845421  19671.47939924
   5097.8032636    9871.04398891  22510.4828525   40191.2528976
  58683.97560332  47807.61944676  20213.85522281  30125.08920906
  52574.48817296  45108.826239    44032.5371013   60368.2081234
  61249.77329992  40827.5362405   23701.35664316  21393.59968976
  26328.87030564  23239.56118428  12135.02874757   2263.46807416
   1267.77904733   7319.66486829 -13353.63086992 -40416.53287737
 -24547.07826522 -12857.04113055 -33533.04513775 -25621.82278673
  -2248.61446741 -12779.36303928 -22099.08572111  -3373.26341804
   7491.73850195  -2917.90924382 -14460.76415839  -5346.1265732 ]
Ratio of heat flux : diffusive heat flux [-21.24368773 -11.60159777  -9.50857871 -19.89638293 -15.81671661
   3.28495878   8.79765595  -9.78907025 -20.49642323 -16.1698269
 -21.44365373 -22.67326122  -3.70775391  18.87714549  27.46454694
  17.30018352   4.48328924   8.6811403   19.79695967  35.34640363
  51.60992352  42.04465628  17.77717872  26.49366431  46.23690345
  39.67118875  38.72464074  53.09113046  53.86642748  35.90598628
  20.84427974  18.81471104  23.15506012  20.43815135  10.67221331
   1.99061861   1.11495479   6.43731683 -11.7439192  -35.54452727
 -21.58805396 -11.30719081 -29.49080865 -22.53324355  -1.97755553
 -11.23887641 -19.43515436  -2.96663383   6.58864787  -2.56617026
 -12.71759326  -4.70167845]
Max. ratio:  53.866427477 Min. ratio:  -35.5445272663

Time =  95

Heat flux: [[-280079.7737908  -425784.00048105 -427562.38774468 ..., -299031.17276323
  -110774.62021022 -121897.5121197 ]
 [-192133.12797501 -434423.89168575 -523000.21500735 ..., -272846.59191087
   -57391.53733017 -154248.51541691]
 [-186242.3497316   -86679.67069672  -86309.78419165 ..., -290503.36491277
  -141986.55802811  -73100.98139186]
 ..., 
 [ 100314.61511299    5880.76389056   22208.32174883 ...,  -12192.37574682
   130375.22377342   21689.46837322]
 [ -99187.62478112 -100901.71756354 -135883.470129   ...,   75929.62708868
   -55781.58224714   21941.59246615]
 [-176546.9630322  -147675.75490896 -148289.40016965 ..., -200847.77958426
  -108639.48325756  -71799.50391682]]
Horizontally averaged heat flux profile:  [ -4839.61407854 -10710.54025211 -32656.60923098 -35579.39185491
 -35972.91940488 -35084.45364005 -19012.30585396  -2733.10586688
  -6138.44053271 -13671.35999861 -20240.22254007 -23191.12264958
  -9290.70288769  13734.31858997  24495.7237005   21306.27270209
  19699.454891    20559.00307197  19264.22889514  13232.62221499
  25801.2973651   49269.1568923   57465.69779537  42389.83848504
  11771.51936049  13369.21698438  45580.48665235  69798.9162112
  73091.82284812  65545.84744503  59777.05336597  40964.84629151
  12329.13033824  -3818.49262721   -802.67035209  11839.72991166
   7198.71240205  -5189.85438476    865.52316605   4101.73018731
  -8882.2990866  -14594.91423431  -8075.64494539 -15467.21180527
 -25248.54977592 -11758.14511472  -5376.84633589 -22532.16971086
 -21234.97329418  -7530.24005743  -8458.65940735  -2996.0524583 ]
Ratio of heat flux : diffusive heat flux [ -4.25622344  -9.41943959 -28.72002259 -31.29047877 -31.63656859
 -30.85520282 -16.72046996  -2.40364398  -5.39848303 -12.02334772
 -17.80036759 -20.39555184  -8.17075634  12.07871697  21.54288993
  18.73791088  17.32478671  18.08072077  16.94202497  11.63749752
  22.69108339  43.33001289  50.53850285  37.27996101  10.35252312
  11.75762649  40.08599292  61.38501509  64.28097873  57.64463193
  52.57123637  36.02674431  10.84291695  -3.35819294  -0.70591256
  10.41251124   6.33094457  -4.56424407   0.76118879   3.60728766
  -7.81158352 -12.83557223  -7.10216739 -13.6027188  -22.20496668
 -10.34076107  -4.72869511 -19.81603229 -18.67520625  -6.62250827
  -7.43901143  -2.63489371]
Max. ratio:  64.2809787284 Min. ratio:  -31.6365685922

Time =  96

Heat flux: [[-472171.16012104 -596818.31892656 -469242.35870322 ...,  -20853.22741097
  -152304.83071048  -62950.4040499 ]
 [-267295.41262424 -288316.46880143 -481729.10324772 ..., -265225.0832862
  -185209.62144299 -176688.86583106]
 [-153716.79256809  -65670.78045705    6348.59265553 ...,  -68535.41145368
   -92809.39836886  -51214.96441632]
 ..., 
 [ 311431.20586705  398590.61268089  300963.65169825 ...,   90972.33474827
   113038.75863332   59543.94933301]
 [ -45333.68332961  -73727.08953824   -6067.03445016 ...,  -29976.31854564
    -4025.31151076  -53673.09731646]
 [ -76269.93742425  -38299.49169595 -161144.82766849 ..., -131080.66279072
   -76948.71365623  -36530.34256582]]
Horizontally averaged heat flux profile:  [-13193.94687879 -17994.91968038 -26368.82652767 -24980.6418646
  -8177.54130096   8065.71731546    792.5943855   -2701.2103933
    742.36759269 -22776.52132886 -31317.0672045  -11814.78654108
   2429.21617376   9937.99730229  19832.70812872  28714.76466209
  17902.14581129  13439.39496281  29720.37994105  38504.67961629
  33448.88196071  37296.23840072  48271.86128241  47867.09347835
  51363.83901016  51805.93959821  32655.20859309  24419.27536057
  41346.85389472  47706.09508811  41552.91620334  37370.53437058
  24264.97949095  18533.75679272  23486.44126713  20729.6947649
   9281.93990793  -3452.64739633     96.83549558   5021.72237417
 -10055.12783419 -21228.13316578 -14554.77458365  -5838.14815376
 -21202.2986157  -43664.64414364 -27132.80677339   3199.26629564
   6056.79669091 -14949.00083711  -7517.84471611 -14418.28894256]
Ratio of heat flux : diffusive heat flux [-11.6034843  -15.82572447 -23.19019982 -21.96935369  -7.19178067
   7.09343649   0.6970512   -2.37559334   0.65287899 -20.03092858
 -27.54195548 -10.39057466   2.13638663   8.74002273  17.44197695
  25.25334715  15.74413401  11.81934487  26.13774067  33.8631381
  29.41679091  32.80036827  42.45293615  42.09696102  45.17219183
  45.56099946  28.71879079  21.47565704  36.36270286  41.95537016
  36.54392541  32.86570825  21.33996075  16.29960753  20.65527131
  18.23083645   8.16304969  -3.03644847   0.08516247   4.41637951
  -8.84303378 -18.66919066 -12.80027121  -5.13438936 -18.64647033
 -38.40109539 -23.86208617   2.81361116   5.32668093 -13.14697551
  -6.61160712 -12.68023821]
Max. ratio:  45.5609994601 Min. ratio:  -38.4010953895

Time =  97

Heat flux: [[-340247.5364531  -476836.71801433 -402072.09075658 ..., -279270.93810693
  -138127.58077961  -58562.59769539]
 [-242552.504217   -232552.23800425 -241406.34484675 ..., -119622.20574247
  -185577.78737501  -74104.71511614]
 [-398452.88732237 -457350.52852568 -340557.21393969 ...,  -47419.43591257
  -161792.26981443  -12524.10165079]
 ..., 
 [ 209639.95202686  171854.40125015  207328.96934412 ...,   34363.09487777
   119013.15094309  -27654.15232581]
 [ -39063.81317319  -78041.30595838  -94049.06992541 ...,  107971.12526255
    -1413.62569583   57711.44296577]
 [-206916.2752979  -240825.67285019 -316095.7365796  ...,  -71253.74312508
   -98304.63743214  -27729.52919174]]
Horizontally averaged heat flux profile:  [-20721.42992801 -35480.92558924 -54333.51694448 -49020.04286145
 -49066.83394579 -49017.30940144 -31618.41574669   1732.46921351
   -229.27719761 -38955.48863592 -34757.62038456  -5205.12034945
  14390.00311522  35861.90168937  33419.91472791  11050.83567802
   7499.42727191  27578.21089574  51912.14414013  61885.5597204
  48972.8215692   31465.80597865  27029.25345443  23926.17147342
  29714.9111852   48882.51247893  44825.14800555  23448.61340039
  30339.94236805  49523.99836253  44301.02178243  32395.27899666
  24038.56415382   7053.31689856  -5250.05174648   8841.49692725
  29283.05656666  15959.069443    -4765.2412977   -3336.55239569
  -7811.94735606 -21060.98136231 -21585.80056114  -7860.82438447
  -7573.78175739 -29078.86750397 -28865.04380709  -2639.7998677
   7705.80463892  -7124.61181969 -13516.19032875  -8787.75891107]
Ratio of heat flux : diffusive heat flux [-18.2235679  -31.20388211 -47.78389033 -43.11092828 -43.15207894
 -43.10852432 -27.806978     1.52362894  -0.20163901 -34.25960441
 -30.56776763  -4.57766981  12.65536209  31.53893349  29.39131553
   9.71871415   6.5954098   24.25379911  45.65440159  54.42557311
  43.06939927  27.67276456  23.77101567  21.0419943   26.13293115
  42.98997648  39.42170647  20.6220034   26.68261803  43.55413453
  38.96076097  28.49019437  21.14083862   6.20307575  -4.61718495
   7.77569985  25.75313439  14.03528553  -4.19081592  -2.93434813
  -6.8702572  -18.52218815 -18.98374309  -6.91324235  -6.66080124
 -25.57355927 -25.38551092  -2.32158554   6.77690944  -6.26577643
 -11.88688295  -7.72843968]
Max. ratio:  54.4255731075 Min. ratio:  -47.7838903294

Time =  98

Heat flux: [[-255377.72730096 -243978.39493228 -357549.44728002 ..., -231434.14359651
  -183938.45280361 -100422.29097539]
 [-184505.65557339 -358857.89169249 -287667.64282015 ..., -280513.08551713
   -27739.77198492  -94310.3775647 ]
 [  49190.33473767 -104041.71885954 -172810.96004023 ..., -559511.50845492
    83618.33542809 -157535.87886244]
 ..., 
 [ 111915.19699278  179489.8527225   308037.89799353 ...,  151761.20935838
    40072.52622183   21929.10819445]
 [  55034.6590742   216147.64156307  232786.15280063 ...,  -16844.54771454
   -22444.9320916    71199.44351124]
 [-192821.29792845 -334794.81084681 -314553.51668147 ...,  -15043.32796286
   -49626.23521108  -29422.87714778]]
Horizontally averaged heat flux profile:  [  4927.87210792   7861.12642938   3832.2866032    2242.6864677
  -7275.51106733  -7850.71381709 -13728.22635144 -22244.68655434
 -16710.41272456 -20153.82544156 -20669.12269135   1190.19875768
   -168.30842375 -11326.51374997   1855.68705854  16966.57976756
  16334.02565338  21459.1078804   32811.28050448  10968.73559661
   8855.74784657  44177.20989713  44889.33049792  25650.4560203
  32105.38966827  53518.94003292  55942.63123231  44892.73867
  44218.38701689  54869.98700293  60359.09288627  49328.86315656
  36747.11464536  15713.10755181  -3766.83794674   7081.143863
  18527.39641625  10845.62508564   2367.04846742  -2910.83867379
 -15529.54176989 -19527.31506861  -4559.62466783   1598.49527498
   5229.51515225  15865.58009537  12151.29264693 -16763.07806532
 -45198.79009536 -29999.49134959  -4365.06473694  -3594.51739997]
Ratio of heat flux : diffusive heat flux [  4.33384242   6.91350798   3.37032412   1.97234212  -6.39848555
  -6.90435056 -12.07335912 -19.56320376 -14.69605823 -17.72438522
 -18.17756603   1.04672641  -0.14801971  -9.96116065   1.63199351
  14.92134565  14.36504269  18.87232256  28.85604903   9.64651081
   7.78823289  38.85187397  39.47815209  22.55842519  28.23524972
  47.06750648  49.19903415  39.48114942  38.8880874   48.25569168
  53.08311402  43.38252187  32.31743857  13.81897308  -3.31276496
   6.22754831  16.29401387   9.53824064   2.08171292  -2.55995201
 -13.65753521 -17.17339746  -4.00998532   1.40580487   4.59912394
  13.95306584  10.68651668 -14.74237504 -39.75030792 -26.38320663
  -3.83887859  -3.16121678]
Max. ratio:  53.0831140161 Min. ratio:  -39.7503079203

Time =  99

Heat flux: [[-147957.85121687 -206745.15783086 -136347.86186876 ..., -262419.63139991
   -34908.12253312  -98809.56386794]
 [-271601.5981782  -490202.46820431 -584181.69448932 ..., -273174.71575517
   -81485.94160634  -37878.18428521]
 [-117504.4204409   -77391.84749197   12707.77740834 ..., -397041.91984049
   -38458.7519043  -103693.66757721]
 ..., 
 [-104602.71087329 -128767.78232969  -70697.42157497 ...,  151940.88370367
   -33430.43089889   64366.2729573 ]
 [-129671.55467365  -75928.40609376  -43144.96677148 ..., -215735.16234257
   -80724.81588713  -95694.5230287 ]
 [-143938.76188024 -240398.04348645 -353205.12321088 ...,   44061.11168303
   -67103.73487773   20998.54961551]]
Horizontally averaged heat flux profile:  [-16366.33621071 -26628.74866299 -29476.66512303   5443.59684407
  11962.41754531  -8186.73876149 -24483.11889233 -27723.6851931
 -11772.55147562   5283.53899632  18080.74708083  14822.95302529
  -5285.41423861 -18651.73910115 -10863.97035775   5741.99390193
  17259.2681158   20469.95708795  26707.12818954  36653.94886781
  33191.3611992   26012.93948437  19762.59801941  25737.95585142
  40373.15094557  37871.92211264  30327.28506422  35257.37874482
  47880.35848172  43418.16338329  18563.7044909    6144.16063232
  23818.24029119  43415.35120246  37595.45993053  15869.79021318
  -3538.68604057  -9021.35344582  -6256.2849767   -3375.48295582
  -1439.0025608  -10568.11032468 -19551.48109582 -18718.09155106
 -10508.39327489  12107.06729812  22117.15110529  11894.75236444
  -1997.56908665   -244.59961062 -12778.17846428   4806.72415702]
Ratio of heat flux : diffusive heat flux [-14.39345838 -23.41878968 -25.92340442   4.78739918  10.5204095
  -7.19986942 -21.53180456 -24.38173723 -10.35343081   4.64663549
  15.90120581  13.03612211  -4.64828468 -16.40336768  -9.55437449
   5.04982601  15.17875192  18.00240882  23.48772095  32.23550345
  29.19031295  22.87721313  17.38031825  22.63537737  35.5063748
  33.30665627  26.6714865   31.00728269  42.108627    38.18432662
  16.32594519   5.4035136   20.94707366  38.18185343  33.06352018
  13.95676845  -3.1121156   -7.93387559  -5.50212193  -2.96858581
  -1.26553819  -9.29417886 -17.19465039 -16.46172168  -9.2416604
  10.64762247  19.45104205  10.46090101  -1.75677239  -0.21511438
 -11.23783463   4.22729823]
Max. ratio:  42.1086270001 Min. ratio:  -25.9234044237

Time-averaged & horizontally-averaged heat flux profile:  [ -4767.45567082  -5347.55246341  -5329.76296757  -3774.72060501
  -4054.30016687  -3928.9240155   -3513.78817669  -2613.14490367
   -791.19722597    233.99179809   2815.5016323    3019.69191306
    871.20069348   4757.34031678   9265.65623748  10156.36268648
  11461.59435091  12926.28762325  16642.76866274  18521.49101995
  15652.6027375   15025.32739499  14302.17013749  14964.28980416
  20619.42390503  20673.63900622  16659.71288668  17253.80792476
  18146.78558583  17496.35086956  15089.23249531  12783.08301836
  14583.62346875  12570.94308146   7512.50717146   6853.11396221
   4343.59863023    937.30140077    902.78153387    378.13732551
   -253.70706218  -1392.24198757  -3402.2614377   -4612.88073364
  -5553.04862689  -2866.42316501   1291.48553653   -893.82441318
  -5203.93109147  -4279.97386359  -3078.64289137  -1114.12890785]
Time-averaged & horizontally-averaged ratio of heat flux : diffusive heat flux:  [ -4.19276336  -4.70293246  -4.6872874   -3.31969741  -3.56557509
  -3.45531239  -3.09021905  -2.2981437   -0.69582246   0.20578529
   2.47610736   2.65568355   0.76618192   4.18386736   8.14872893
   8.93206529  10.07995798  11.36808999  14.63656832  16.28882033
  13.76576181  13.21410129  12.57811693  13.16042147  18.13385818
  18.18153793  14.65147     15.17394993  15.95928372  15.38725557
  13.27030296  11.24214797  12.82564251  11.05558041   6.60691299
   6.02700625   3.82000011   0.82431453   0.79395585   0.33255481
  -0.22312398  -1.22441436  -2.99213628  -4.05682164  -4.88365711
  -2.52089056   1.13580358  -0.78607847  -4.57662391  -3.76404498
  -2.70752829  -0.97982639]

z-integrated heat flux:  5229.61335452
Domain-averaged Nusselt number:  4.59921030426
Max. Nusselt number:  18.1815379261 Min. Nusselt number:  -4.88365711449
